,Month,WeekOfMonth,DayOfWeek,Make,AccidentArea,DayOfWeekClaimed,MonthClaimed,WeekOfMonthClaimed,Sex,MaritalStatus,Age,Fault,PolicyType,VehicleCategory,VehiclePrice,PolicyNumber,RepNumber,Deductible,DriverRating,Days_Policy_Accident,Days_Policy_Claim,PastNumberOfClaims,AgeOfVehicle,PoliceReportFiled,WitnessPresent,AgentType,NumberOfSuppliments,AddressChange_Claim,NumberOfCars,Year,BasePolicy,AgeGroup,VehiclePrice_Cat,Fraud
11,8,5,3,13,0,5,7,1,1,1,38,1,2,1,1,5574,1,400,1,4,4,3,6,0,0,0,0,0,1,0,2,-1.0,1,0
16,5,1,0,6,0,6,6,1,1,1,36,1,0,0,1,1773,14,400,1,4,4,1,7,0,0,0,0,0,1,0,0,-1.0,1,0
38,7,4,4,17,0,5,8,5,1,2,60,0,2,1,2,9193,5,400,1,4,4,1,7,0,0,0,6,0,1,1,2,-1.0,1,0
45,5,5,2,17,0,5,2,5,0,2,33,1,0,0,1,6775,13,400,1,4,4,3,5,0,0,0,6,0,1,1,0,-1.0,1,0
89,10,3,6,18,0,6,11,4,1,1,31,1,1,0,4,12721,10,400,2,4,4,3,6,0,0,0,6,0,1,2,1,-1.0,2,0
117,10,4,5,13,0,7,11,4,1,1,63,0,2,1,2,7433,12,400,3,4,4,0,7,0,0,1,3,0,1,1,2,-1.0,1,0
126,8,5,3,13,0,2,9,5,0,1,28,0,1,0,1,12681,5,400,2,4,4,0,4,0,0,0,0,0,1,2,1,-1.0,1,0
146,6,5,6,5,0,5,2,5,1,1,30,0,0,0,3,13211,6,400,2,4,4,5,5,0,0,0,6,0,1,2,0,-1.0,2,1
156,5,1,6,17,0,2,6,5,1,2,48,0,1,0,2,1836,12,400,3,4,4,1,7,0,0,0,1,0,1,0,1,-1.0,1,0
165,7,4,3,2,0,2,8,5,1,1,41,0,2,1,1,14238,13,400,3,4,4,3,6,0,0,0,0,0,1,2,2,-1.0,1,0
175,6,2,5,16,0,2,7,2,1,1,42,1,0,0,1,6816,8,400,1,4,4,3,7,0,0,0,1,0,1,1,0,-1.0,1,0
183,5,5,3,13,0,6,2,1,0,2,32,0,0,0,1,9326,8,400,3,4,4,1,5,0,0,0,3,0,1,1,0,-1.0,1,0
194,11,4,3,13,0,2,12,4,1,1,54,0,6,2,5,10055,3,400,3,4,4,5,6,0,0,0,0,0,1,1,0,-1.0,2,0
195,8,3,3,0,0,2,9,3,1,1,39,0,0,0,2,11370,1,400,1,4,4,3,7,0,0,0,1,0,1,2,0,-1.0,1,0
214,10,1,6,9,0,2,11,2,1,2,29,0,1,0,2,9628,1,400,3,4,4,1,5,0,0,0,3,0,1,1,1,-1.0,1,0
222,6,3,4,2,0,5,7,5,1,1,34,1,1,0,1,3003,4,400,2,4,4,1,5,0,0,0,0,0,1,0,1,-1.0,1,0
228,9,4,3,17,0,6,10,5,1,2,25,1,1,0,1,6914,6,400,2,4,4,3,4,0,0,0,0,0,1,1,1,-1.0,1,0
260,8,2,4,2,0,2,9,3,1,1,42,0,2,1,1,4877,6,400,1,4,4,3,6,0,0,0,6,0,1,0,2,-1.0,1,0
261,9,4,4,0,0,6,5,2,1,1,56,0,6,2,5,114,10,400,2,4,4,0,7,0,0,0,0,0,1,0,0,-1.0,2,1
283,6,2,5,13,0,7,7,2,1,1,47,1,2,1,1,3218,13,400,4,4,4,5,7,0,0,0,6,0,1,0,2,-1.0,1,0
309,10,5,3,17,0,5,10,1,1,1,41,0,2,1,5,8430,13,400,4,4,4,1,5,0,0,0,1,0,1,1,2,-1.0,2,0
317,6,2,1,17,0,2,7,2,1,1,32,0,2,1,1,11589,10,400,2,4,4,3,4,0,0,0,0,0,1,2,2,-1.0,1,0
323,6,5,6,13,0,2,6,1,1,1,39,0,1,0,1,7593,9,400,3,4,4,0,6,0,0,0,6,0,1,1,1,-1.0,1,0
331,7,2,4,2,0,5,8,2,1,1,26,1,1,0,1,10698,7,400,1,4,4,0,6,0,0,0,6,0,1,1,1,-1.0,1,0
399,10,3,0,0,0,2,11,3,1,1,45,0,0,0,5,12811,2,400,3,4,4,0,7,0,0,0,3,4,2,2,0,-1.0,2,0
412,7,1,0,17,0,4,8,1,1,1,36,0,0,0,0,358,14,500,4,4,4,1,6,0,0,0,1,2,2,0,0,-1.0,0,0
431,3,1,6,13,0,1,4,1,1,1,31,0,0,0,1,999,6,400,2,4,4,0,6,0,0,0,3,0,1,0,0,-1.0,1,1
436,10,1,5,17,0,6,11,1,0,0,47,0,1,0,2,7340,13,400,2,4,4,1,6,0,0,0,1,0,3,1,1,-1.0,1,0
439,8,4,0,17,0,6,9,5,1,1,48,1,0,0,1,14069,8,400,2,4,4,3,6,0,0,0,0,0,1,2,0,-1.0,1,0
462,9,3,2,17,0,6,10,5,1,1,27,0,0,0,1,8099,7,400,3,4,4,0,6,0,0,0,0,0,1,1,0,-1.0,1,1
478,10,1,4,17,0,2,11,3,1,1,30,0,1,0,1,14906,3,400,1,4,4,0,4,0,0,0,0,0,1,2,1,-1.0,1,1
484,11,1,5,5,0,7,12,2,1,2,31,1,0,0,3,6698,12,400,4,4,4,0,5,0,0,0,3,0,1,1,0,-1.0,2,0
490,5,4,3,9,0,7,6,4,1,2,32,0,2,1,5,10559,5,400,1,4,4,3,5,0,0,0,0,0,1,1,2,-1.0,2,0
496,4,1,4,6,0,1,5,2,1,1,34,0,2,1,1,3617,9,400,2,4,4,0,6,0,0,0,6,0,1,0,2,-1.0,1,0
520,8,2,1,17,0,7,9,3,1,2,43,0,0,0,1,7171,16,400,2,4,4,0,6,0,0,0,0,0,1,1,0,-1.0,1,0
527,7,1,3,6,0,5,8,2,1,2,0,0,1,0,5,13877,7,400,3,4,4,3,0,1,0,0,0,0,1,2,1,-1.0,2,0
528,1,4,0,5,0,7,12,3,0,1,52,1,0,0,3,8155,12,400,4,4,4,3,7,0,0,0,3,0,1,1,0,-1.0,2,0
533,7,3,5,9,0,1,8,3,1,1,34,0,2,1,1,3495,7,400,1,4,4,1,6,0,0,0,1,0,1,0,2,-1.0,1,0
546,7,1,6,6,0,7,8,1,1,2,0,0,1,0,5,10229,2,400,3,4,4,0,0,0,0,0,0,0,1,1,1,-1.0,2,0
566,5,3,6,11,0,5,6,4,1,1,55,0,6,2,2,2567,12,400,4,4,4,3,7,0,0,0,0,0,1,0,0,-1.0,1,0
586,7,4,5,6,0,7,10,5,1,2,0,0,0,0,5,11238,16,400,3,4,4,0,0,0,0,0,0,0,1,1,0,-1.0,2,0
598,9,3,3,2,0,1,10,4,1,1,28,0,1,0,2,8535,6,400,1,4,4,1,6,0,0,0,0,0,1,1,1,-1.0,1,0
606,8,3,1,13,0,7,9,3,1,1,26,0,0,0,1,11876,10,400,4,4,4,3,5,0,0,0,3,0,1,2,0,-1.0,1,0
612,7,1,6,13,0,6,8,2,0,1,54,0,1,0,1,10440,1,400,2,4,4,0,5,0,0,0,0,0,1,1,1,-1.0,1,1
613,4,1,3,2,0,7,5,1,1,1,36,0,1,0,1,6925,1,400,1,4,4,0,6,0,0,0,3,0,1,1,1,-1.0,1,0
626,11,1,3,0,0,5,10,1,1,1,51,0,0,0,2,3767,7,400,2,4,4,0,7,0,0,0,6,0,1,0,0,-1.0,1,0
652,10,2,1,17,0,5,11,3,1,1,43,0,0,0,5,14145,10,400,2,4,4,0,5,0,0,0,3,0,1,2,0,-1.0,2,0
654,9,2,1,13,0,7,10,2,1,2,26,0,1,0,1,2760,16,400,4,4,4,0,5,0,0,0,3,0,1,0,1,-1.0,1,0
663,5,1,3,9,0,2,6,1,1,1,55,1,1,0,2,3346,8,400,2,4,4,0,7,0,0,0,6,0,1,0,1,-1.0,1,0
682,10,4,2,18,0,6,11,4,1,1,53,0,1,0,4,9641,12,400,4,4,4,0,7,0,0,0,0,0,1,1,1,-1.0,2,0
684,10,3,0,2,0,2,11,3,0,1,30,0,0,0,5,7213,16,400,3,4,4,1,5,0,0,0,0,0,1,1,0,-1.0,2,1
694,11,1,1,9,0,5,12,4,1,1,43,1,1,0,2,12672,9,400,1,4,4,1,6,0,0,0,6,0,1,2,1,-1.0,1,0
704,8,3,6,2,0,6,12,1,1,1,41,0,1,0,1,1824,5,400,4,4,4,1,6,0,0,0,0,0,1,0,1,-1.0,1,0
722,8,5,2,2,0,5,7,1,1,1,60,1,0,0,2,8830,12,400,4,4,4,0,6,0,0,0,3,0,1,1,0,-1.0,1,0
738,4,5,1,2,0,2,5,5,1,1,38,0,6,2,5,1677,9,400,1,4,4,0,6,0,0,0,3,0,1,0,0,-1.0,2,0
740,9,5,3,13,0,2,10,5,1,1,47,0,1,0,1,10509,12,400,3,4,4,3,7,0,0,0,1,0,1,1,1,-1.0,1,0
785,11,1,1,6,0,6,12,1,1,1,41,0,2,1,2,204,6,400,4,4,4,0,6,0,0,0,0,0,1,0,2,-1.0,1,0
790,11,1,0,13,0,6,12,2,1,1,54,0,0,0,1,9896,11,400,2,4,4,0,6,0,0,0,1,0,1,1,0,-1.0,1,0
793,10,5,0,6,0,1,11,5,0,2,33,1,2,1,1,9524,8,400,1,4,4,0,4,0,0,0,0,0,1,1,2,-1.0,1,0
813,6,1,2,17,0,2,7,1,1,1,41,0,1,0,1,12443,1,400,2,4,4,3,6,0,0,0,0,0,1,2,1,-1.0,1,0
824,5,1,2,13,0,6,6,1,0,1,43,1,2,1,2,9490,2,400,1,4,4,0,6,0,0,0,6,0,1,1,2,-1.0,1,0
830,8,2,4,17,0,1,9,4,1,1,59,0,0,0,1,4199,13,400,4,4,4,1,6,0,0,0,0,0,1,0,0,-1.0,1,0
835,10,3,1,13,0,5,11,3,1,1,29,0,1,0,1,7849,15,400,1,4,4,3,3,0,0,0,1,0,1,1,1,-1.0,1,0
851,9,5,6,17,0,7,10,5,1,2,32,0,2,1,2,11194,13,400,4,4,4,3,6,0,0,0,6,1,3,1,2,-1.0,1,0
861,6,1,0,6,0,2,7,1,1,2,33,1,2,1,2,4884,10,400,1,4,4,0,6,0,0,0,6,0,1,0,2,-1.0,1,0
870,7,2,2,6,0,2,8,3,1,2,20,0,4,1,5,1979,3,400,4,4,4,3,3,0,0,0,0,0,1,0,1,-1.0,2,1
903,5,4,0,9,0,7,6,4,1,1,54,0,2,1,1,12774,10,400,2,4,4,3,7,0,0,0,1,0,1,2,2,-1.0,1,0
927,9,3,0,13,0,7,10,4,1,1,29,0,0,0,0,4087,4,400,1,4,4,3,6,0,0,0,3,0,1,0,0,-1.0,0,0
935,6,4,6,5,0,5,7,4,1,1,53,1,1,0,3,6948,6,400,3,4,4,0,7,0,0,0,0,0,1,1,1,-1.0,2,0
943,5,2,3,3,0,6,6,2,0,2,32,1,2,1,1,14521,7,400,2,4,4,5,5,0,0,0,6,0,1,2,2,-1.0,1,0
958,8,2,1,13,0,6,9,2,1,2,32,1,1,0,1,2038,15,400,4,4,4,3,5,0,0,0,0,4,2,0,1,-1.0,1,0
971,1,3,4,6,0,2,12,1,1,2,23,1,0,0,1,14118,11,400,3,4,4,0,2,0,0,0,1,0,1,2,0,-1.0,1,0
974,7,4,1,9,0,2,1,2,0,2,33,0,1,0,1,700,15,400,3,4,4,1,5,0,0,0,0,0,1,0,1,-1.0,1,0
989,10,1,5,13,0,5,11,1,1,1,78,0,0,0,1,6922,4,400,1,4,4,0,7,0,0,0,0,0,1,1,0,-1.0,1,1
1010,9,4,5,6,0,7,10,5,1,1,42,1,0,0,0,15412,1,400,1,4,4,1,6,0,0,0,0,0,1,2,0,-1.0,0,0
1013,7,1,6,17,0,7,8,1,1,2,34,0,1,0,1,1690,8,400,4,4,4,1,4,0,0,0,0,0,1,0,1,-1.0,1,1
1017,5,3,3,17,0,1,6,4,1,1,29,1,1,0,1,6405,9,400,3,4,4,1,6,0,0,0,3,0,1,1,1,-1.0,1,0
1061,10,2,4,13,0,1,11,3,1,2,26,0,1,0,1,7668,12,400,3,4,4,3,6,0,0,0,1,0,3,1,1,-1.0,1,0
1065,11,3,1,13,0,6,11,1,1,2,29,0,2,1,1,4995,2,400,1,4,4,3,6,0,0,0,3,0,1,0,2,-1.0,1,0
1103,8,2,4,13,0,6,9,3,1,1,27,0,2,1,1,2997,16,400,1,4,4,3,4,0,0,0,6,0,1,0,2,-1.0,1,0
1237,10,1,6,9,0,5,11,1,1,2,26,0,1,0,1,7419,3,400,1,4,4,3,5,0,0,0,6,0,1,1,1,-1.0,1,0
1274,7,3,4,2,0,2,8,3,1,1,28,0,1,0,1,10851,14,700,1,4,4,3,6,0,0,0,0,0,1,1,1,-1.0,1,1
1287,7,3,3,9,0,2,8,3,1,2,33,0,1,0,1,10673,2,400,1,4,4,1,4,0,0,0,6,0,1,1,1,-1.0,1,0
1306,5,1,1,2,0,2,6,1,1,2,24,0,1,0,2,7662,4,400,3,4,4,3,4,0,0,1,3,0,1,1,1,-1.0,1,0
1308,6,3,1,2,0,6,7,3,1,1,26,1,1,0,1,14191,13,400,4,4,4,1,6,0,0,0,6,0,1,2,1,-1.0,1,0
1310,8,3,2,5,0,2,9,4,1,1,38,1,0,0,4,3662,14,400,4,4,4,0,7,0,0,0,0,0,1,0,0,-1.0,2,0
1318,10,5,5,5,0,5,10,1,1,1,51,1,1,0,3,12351,3,400,1,4,4,1,7,0,0,0,6,0,1,2,1,-1.0,2,0
1319,10,4,1,9,0,7,11,4,0,2,45,0,1,0,1,13074,10,400,4,4,4,3,6,0,0,0,3,0,1,2,1,-1.0,1,0
1327,5,5,1,13,0,2,6,5,0,2,54,0,2,1,1,14960,16,400,1,4,4,3,6,0,0,0,6,0,1,2,2,-1.0,1,0
1330,5,2,1,13,0,6,6,2,0,2,23,1,0,0,1,3811,13,400,3,4,4,3,3,0,0,0,3,0,1,0,0,-1.0,1,0
1382,11,4,1,9,0,5,12,5,1,1,42,0,1,0,1,4395,15,400,4,4,4,5,5,1,0,0,1,0,1,0,1,-1.0,1,0
1403,6,5,6,6,0,6,5,4,1,2,0,0,0,0,5,10307,7,400,2,4,4,1,0,0,0,0,0,0,1,1,0,-1.0,2,0
1410,1,5,4,13,0,1,12,1,1,1,29,0,2,1,1,7197,10,400,2,4,4,1,6,0,0,0,0,0,1,1,2,-1.0,1,0
1411,2,3,2,13,0,2,3,3,0,1,53,0,2,1,1,8254,12,400,1,4,4,5,7,0,0,0,0,4,2,1,2,-1.0,1,0
1460,1,4,5,9,0,5,12,2,1,2,26,0,2,1,1,3739,9,400,2,4,4,5,5,0,0,0,1,4,2,0,2,-1.0,1,0
1461,9,2,2,6,0,6,10,3,1,2,35,0,1,0,2,13387,11,400,4,4,4,3,5,0,0,0,0,0,1,2,1,-1.0,1,0
1468,6,5,5,13,0,2,11,2,1,1,65,0,2,1,2,1682,16,400,1,4,4,1,7,0,0,0,0,0,3,0,2,-1.0,1,0
1476,9,1,3,13,0,6,10,2,0,2,34,0,2,1,1,11724,11,400,1,4,4,3,5,0,0,0,0,0,1,2,2,-1.0,1,0
1487,9,4,4,2,0,5,10,4,1,2,27,0,1,0,1,11286,3,400,3,4,4,0,5,0,0,0,0,0,1,1,1,-1.0,1,0
1518,6,1,0,13,0,1,7,2,1,2,27,0,1,0,1,3790,16,400,4,4,4,0,5,0,0,0,6,0,1,0,1,-1.0,1,0
1550,9,3,2,1,0,2,10,4,1,1,58,0,0,0,1,9926,6,400,2,4,4,0,7,0,0,0,6,0,1,1,0,-1.0,1,0
1609,11,4,0,9,0,1,12,4,0,2,36,0,2,1,1,11425,8,500,2,4,4,1,6,0,0,0,6,2,2,2,2,-1.0,1,0
1610,8,2,3,17,0,2,9,2,1,2,34,0,0,0,1,305,7,400,1,4,4,3,6,0,0,0,3,0,1,0,0,-1.0,1,0
1640,10,2,5,9,0,5,11,2,1,2,34,1,1,0,1,2111,13,400,2,4,4,3,5,0,0,0,1,0,1,0,1,-1.0,1,0
1643,10,4,3,13,0,2,11,4,1,2,29,1,0,0,1,13940,4,400,1,4,4,3,5,0,0,0,6,0,1,2,0,-1.0,1,0
1653,10,3,6,6,0,5,1,3,1,2,0,0,1,0,5,11126,5,400,3,4,4,0,0,0,0,0,0,0,1,1,1,-1.0,2,0
1659,6,5,4,6,0,1,6,1,1,1,33,0,2,1,5,3738,15,400,4,4,4,3,0,0,0,0,0,0,1,0,2,-1.0,2,0
1688,1,5,3,9,0,7,12,2,1,1,42,0,0,0,0,15091,3,400,2,4,4,1,6,0,0,0,6,0,1,2,0,-1.0,0,0
1704,8,4,0,13,0,6,7,2,1,1,62,1,1,0,1,919,9,500,3,4,4,3,7,0,0,0,0,2,1,0,1,-1.0,1,0
1708,8,1,0,13,0,2,9,2,0,1,33,0,1,0,1,10759,6,400,4,4,4,1,5,0,0,0,0,0,1,1,1,-1.0,1,0
1740,7,1,2,6,0,1,1,1,1,1,46,0,1,0,2,2240,14,400,2,4,4,0,7,0,0,0,1,0,1,0,1,-1.0,1,0
1755,8,3,5,13,0,6,9,3,1,1,44,1,1,0,1,6695,5,400,4,4,4,0,6,0,0,0,6,0,1,1,1,-1.0,1,0
1790,8,1,0,17,0,6,9,4,1,1,44,0,1,0,2,11998,1,700,2,4,4,1,7,0,0,0,0,0,1,2,1,-1.0,1,1
1801,6,3,4,1,0,2,7,3,1,2,21,0,1,0,2,5528,4,400,4,4,4,0,1,0,0,0,3,0,1,0,1,-1.0,1,0
1806,8,5,5,13,0,1,7,1,1,1,66,1,0,0,1,6158,9,400,1,4,4,1,7,0,0,0,0,0,1,1,0,-1.0,1,0
1824,6,3,4,9,0,6,7,4,1,2,35,0,1,0,2,6484,14,400,2,4,4,1,4,0,0,0,1,0,1,1,1,-1.0,1,0
1830,11,4,0,9,0,6,12,4,0,1,31,0,2,1,1,8762,10,400,4,4,4,0,5,0,0,0,3,0,1,1,2,-1.0,1,0
1851,11,4,0,17,0,1,12,4,1,1,37,0,1,0,1,10930,7,400,4,4,4,3,6,0,0,0,0,0,1,1,1,-1.0,1,0
1860,8,4,3,9,0,6,7,2,1,1,40,0,0,0,2,8571,5,400,4,4,4,3,5,0,0,0,0,0,1,1,0,-1.0,1,0
1861,8,2,2,13,0,2,9,2,1,2,28,0,1,0,1,11481,2,400,3,4,4,0,4,0,0,0,0,0,3,2,1,-1.0,1,0
1872,2,3,1,17,0,6,3,4,0,1,34,0,1,0,0,6610,1,400,3,4,4,0,4,0,0,0,0,0,1,1,1,-1.0,0,0
1889,6,4,4,17,0,2,7,4,1,1,46,0,0,0,1,13800,15,400,1,4,4,1,7,0,0,0,6,0,1,2,0,-1.0,1,0
1894,7,1,6,13,0,5,8,1,0,2,27,0,2,1,2,13637,12,400,4,4,4,3,5,0,0,0,0,0,1,2,2,-1.0,1,0
1895,6,2,0,6,0,2,7,3,1,1,38,0,0,0,1,12849,5,400,2,4,4,3,3,0,0,0,0,0,1,2,0,-1.0,1,1
1896,4,5,3,9,0,1,8,4,1,1,46,0,0,0,1,946,6,400,3,4,4,3,4,0,0,0,1,4,2,0,0,-1.0,1,1
1931,6,3,4,2,0,5,7,3,1,1,41,1,1,0,5,2041,10,500,4,4,4,0,6,0,0,0,1,2,1,0,1,-1.0,2,1
1957,3,4,2,13,0,5,8,1,0,1,52,1,2,1,2,13884,11,400,4,4,4,0,6,0,0,0,6,0,1,2,2,-1.0,1,0
2001,11,2,3,13,0,3,12,3,1,1,37,1,1,0,1,6844,16,400,1,4,4,3,6,0,0,0,0,0,1,1,1,-1.0,1,0
2021,11,3,2,2,0,6,12,4,0,1,48,0,1,0,2,4873,6,400,1,4,4,3,6,0,0,0,0,4,2,0,1,-1.0,1,0
2023,3,3,2,17,0,2,4,4,0,1,50,0,2,1,5,14222,16,400,1,4,4,5,7,0,0,0,3,0,1,2,2,-1.0,2,0
2031,7,3,6,6,0,5,8,4,1,2,0,1,6,2,5,13685,7,400,1,4,4,3,0,0,0,0,0,0,1,2,0,-1.0,2,0
2032,10,5,2,13,0,1,5,3,1,1,58,0,1,0,2,15306,1,400,2,4,4,1,7,0,0,0,0,0,1,2,1,-1.0,1,0
2048,5,2,6,9,0,1,6,3,0,1,48,1,2,1,1,4213,15,400,3,4,4,1,4,0,0,0,0,0,1,0,2,-1.0,1,0
2055,1,3,5,9,0,6,2,4,0,2,54,1,0,0,1,5497,14,400,1,4,4,3,6,0,0,0,3,0,1,0,0,-1.0,1,0
2069,5,5,1,9,0,2,6,5,1,2,30,0,2,1,2,3848,14,400,1,4,4,3,5,0,0,0,6,0,1,0,2,-1.0,1,0
2074,11,5,4,17,0,1,12,5,1,1,28,0,1,0,0,2462,4,400,2,4,4,3,5,0,0,0,3,0,1,0,1,-1.0,0,0
2095,11,5,0,9,0,2,11,2,1,2,30,0,1,0,1,11057,6,400,2,4,4,0,5,0,0,0,0,0,1,1,1,-1.0,1,0
2158,2,1,4,9,0,5,3,1,0,1,55,1,0,0,1,9091,8,400,1,4,4,1,7,0,0,0,0,0,1,1,0,-1.0,1,0
2162,6,1,0,13,0,2,7,1,1,1,52,1,0,0,1,7703,9,400,4,4,4,1,7,0,0,0,0,0,1,1,0,-1.0,1,0
2189,3,3,3,2,0,6,11,2,1,1,50,0,0,0,5,1437,16,400,4,4,4,3,7,0,0,0,6,0,1,0,0,-1.0,2,1
2202,9,1,4,2,0,2,10,2,1,1,59,0,0,0,2,1185,9,400,3,4,4,0,7,0,0,0,3,0,1,0,0,-1.0,1,0
2209,10,2,4,9,0,2,11,3,1,1,41,1,0,0,1,977,5,400,1,4,4,0,6,0,0,0,0,0,1,0,0,-1.0,1,0
2221,6,4,1,17,0,2,6,3,1,1,62,0,2,1,1,4077,3,400,2,4,4,3,7,0,0,0,6,0,1,0,2,-1.0,1,0
2264,9,4,5,17,0,7,10,4,1,1,52,0,1,0,1,14945,8,400,3,4,4,1,7,0,0,0,1,0,1,2,1,-1.0,1,0
2281,4,5,0,13,0,6,4,1,0,1,52,1,0,0,1,7111,9,400,4,4,4,0,6,0,0,0,0,0,1,1,0,-1.0,1,0
2295,11,3,6,2,0,5,12,3,1,2,45,0,1,0,2,10658,10,400,1,4,4,0,6,0,0,0,3,0,1,1,1,-1.0,1,0
2326,7,5,6,13,0,1,1,3,0,1,43,0,0,0,0,12297,15,400,4,4,4,0,6,0,0,0,0,0,1,2,0,-1.0,0,0
2346,5,1,1,13,0,7,6,2,1,2,34,1,0,0,1,13279,10,400,3,4,4,0,5,0,0,0,0,0,1,2,0,-1.0,1,0
2353,11,5,0,2,0,2,11,1,1,1,57,0,1,0,5,6769,16,400,2,4,4,3,6,0,0,0,3,0,1,1,1,-1.0,2,1
2356,11,2,6,18,0,6,12,2,1,1,74,0,0,0,3,2353,16,400,4,4,4,3,7,0,0,0,1,4,2,0,0,-1.0,2,0
2360,7,5,1,17,0,6,7,3,1,2,18,0,0,0,1,6656,12,400,4,4,4,1,1,0,0,0,3,0,1,1,0,-1.0,1,0
2373,10,2,1,6,0,1,11,5,1,1,48,0,2,1,1,6591,15,400,4,4,4,5,6,0,0,0,3,0,1,1,2,-1.0,1,0
2376,7,4,0,9,0,6,8,5,1,1,35,0,1,0,1,4008,13,400,2,4,4,3,5,0,0,0,3,0,1,0,1,-1.0,1,0
2383,11,3,1,9,0,5,12,4,1,2,22,1,2,1,2,9769,5,400,1,4,4,5,4,0,0,0,6,0,1,1,2,-1.0,1,0
2391,9,2,5,6,0,5,10,3,0,2,37,0,0,0,1,7710,4,400,4,4,4,1,6,0,0,0,6,0,1,1,0,-1.0,1,0
2405,5,3,2,2,0,5,6,4,1,2,27,0,2,1,1,6527,7,400,3,4,4,3,5,0,0,0,6,0,1,1,2,-1.0,1,0
2406,6,2,5,0,0,7,7,2,1,1,65,0,6,2,5,4100,4,400,3,4,4,0,7,0,0,0,6,0,1,0,0,-1.0,2,0
2421,8,4,1,2,0,2,9,4,1,1,43,0,1,0,2,13167,6,400,4,4,4,3,6,0,0,0,6,0,1,2,1,-1.0,1,0
2451,9,4,1,2,0,2,10,4,1,1,42,0,0,0,2,1673,2,400,2,4,4,1,6,0,0,0,6,0,1,0,0,-1.0,1,0
2467,10,1,6,2,0,5,11,1,0,1,34,0,1,0,2,785,15,400,3,4,4,0,5,0,0,0,0,0,1,0,1,-1.0,1,0
2494,9,1,2,13,0,6,10,2,1,1,42,0,1,0,1,4772,12,400,3,4,4,1,7,0,0,0,6,0,1,0,1,-1.0,1,0
2531,8,4,1,13,0,2,7,3,1,2,36,1,2,1,1,2695,8,400,1,4,4,1,6,0,0,0,6,0,1,0,2,-1.0,1,0
2559,11,2,5,0,0,5,12,3,1,1,45,0,6,2,5,7410,16,700,2,4,4,0,6,0,0,0,0,0,1,1,0,-1.0,2,0
2574,8,1,1,6,0,7,9,4,1,2,0,0,2,1,5,59,15,400,4,4,4,0,0,0,0,0,0,0,1,0,2,-1.0,2,0
2579,1,5,3,9,0,5,12,2,1,2,24,1,4,1,5,2024,11,400,1,4,4,3,4,0,0,0,0,0,1,0,1,-1.0,2,0
2583,4,1,4,13,0,2,5,2,0,2,30,0,0,0,1,7034,1,400,3,4,4,0,4,0,0,0,3,0,1,1,0,-1.0,1,0
2600,7,3,3,17,0,6,8,4,1,1,45,0,0,0,1,2174,7,400,3,4,4,3,7,0,0,0,6,0,3,0,0,-1.0,1,1
2606,5,1,1,9,0,6,6,1,1,2,25,1,0,0,1,2683,3,400,1,4,4,0,3,0,0,0,6,0,1,0,0,-1.0,1,0
2632,6,1,4,2,0,1,7,1,0,2,31,1,1,0,1,1720,4,400,3,4,4,3,4,0,0,0,1,0,1,0,1,-1.0,1,0
2677,8,5,6,2,0,6,7,1,0,2,29,0,2,1,1,5011,12,400,4,4,4,0,5,0,0,0,0,0,1,0,2,-1.0,1,0
2696,7,2,3,2,0,2,8,4,1,2,29,0,2,1,5,3698,4,400,4,4,4,3,5,0,0,0,6,0,1,0,2,-1.0,2,0
2697,10,1,3,9,0,2,11,4,1,1,41,0,1,0,1,2667,3,400,4,4,4,0,5,0,0,0,1,0,1,0,1,-1.0,1,0
2730,9,3,1,13,0,5,10,4,1,1,63,0,0,0,1,11251,15,400,2,4,4,3,7,0,0,0,6,0,1,1,0,-1.0,1,0
2761,10,3,6,17,0,5,11,3,1,1,37,1,0,0,1,13857,15,400,2,4,4,0,5,0,0,0,0,0,1,2,0,-1.0,1,0
2769,8,3,0,13,0,7,9,4,1,1,40,0,1,0,1,4863,10,400,2,4,4,0,4,0,0,0,0,0,1,0,1,-1.0,1,0
2800,8,5,2,6,0,2,9,5,1,2,0,0,2,1,5,14024,7,400,2,4,4,0,0,0,0,0,0,0,1,2,2,-1.0,2,0
2831,3,1,5,6,0,5,4,1,0,2,35,0,1,0,1,12050,6,400,4,4,4,3,5,0,0,0,6,0,1,2,1,-1.0,1,0
2843,7,4,2,6,0,6,8,5,1,1,41,0,2,1,2,12197,10,400,3,4,4,3,5,0,0,0,1,0,1,2,2,-1.0,1,0
2873,2,1,2,17,0,2,3,2,0,1,27,0,1,0,1,9963,4,400,3,4,4,1,5,0,0,0,3,0,1,1,1,-1.0,1,0
2876,8,3,2,13,0,7,9,3,1,2,31,0,1,0,2,3650,1,400,1,4,4,3,5,0,0,0,6,0,3,0,1,-1.0,1,1
2887,10,2,6,2,0,7,3,5,1,1,28,0,6,2,5,13418,6,400,4,4,4,3,5,0,0,0,3,0,1,2,0,-1.0,2,0
2902,10,1,0,6,0,3,11,2,0,2,41,0,1,0,1,4400,1,400,3,4,4,1,6,0,0,0,6,0,1,0,1,-1.0,1,0
2904,7,1,1,13,0,6,8,2,1,1,43,0,2,1,2,11192,7,700,2,4,4,3,6,1,1,0,1,0,1,1,2,-1.0,1,0
2919,4,4,4,13,0,2,5,5,1,1,40,0,2,1,1,2543,11,700,4,4,4,1,6,0,0,0,1,0,3,0,2,-1.0,1,0
2965,8,5,3,2,0,6,9,5,1,2,21,0,2,1,1,2406,6,400,3,4,4,3,4,0,0,0,1,0,1,0,2,-1.0,1,0
2966,2,3,5,17,0,6,3,3,0,1,31,1,1,0,1,8735,6,400,2,4,4,0,5,0,0,0,0,0,1,1,1,-1.0,1,0
2969,10,3,5,6,0,7,11,4,1,1,51,0,1,0,1,4162,10,400,3,4,4,1,7,0,0,0,0,0,1,0,1,-1.0,1,0
2992,6,4,1,18,0,7,7,5,1,1,48,0,2,1,5,8158,2,400,4,4,4,1,7,0,0,0,0,0,1,1,2,-1.0,2,0
2993,8,3,6,13,0,7,9,4,1,1,38,0,2,1,1,12099,10,400,4,4,4,0,6,0,0,0,6,0,1,2,2,-1.0,1,0
3006,8,1,0,13,0,6,9,2,1,1,35,0,1,0,2,631,2,400,2,4,4,3,5,0,0,0,0,4,2,0,1,-1.0,1,0
3012,3,3,2,9,0,2,4,3,0,1,55,0,1,0,1,1894,5,400,2,4,4,3,6,0,0,0,6,0,1,0,1,-1.0,1,0
3029,11,1,1,13,0,6,12,1,1,1,39,1,0,0,1,11637,7,400,1,4,4,1,6,0,0,0,0,0,1,2,0,-1.0,1,0
3035,10,3,2,9,0,2,11,3,1,2,27,0,2,1,2,15198,12,400,2,4,4,0,5,0,0,0,0,1,1,2,2,-1.0,1,0
3041,10,1,4,13,0,1,11,2,1,1,30,0,2,1,2,3140,16,400,4,4,4,3,4,0,0,0,3,0,1,0,2,-1.0,1,0
3045,3,3,1,6,0,5,4,3,0,1,55,0,0,0,0,5042,3,400,1,4,4,1,6,0,0,0,0,0,7,0,0,-1.0,0,0
3086,10,4,6,6,0,5,11,4,1,2,35,1,4,1,5,4966,2,400,3,4,4,0,5,0,0,0,1,0,1,0,1,-1.0,2,0
3087,5,3,2,9,0,2,6,4,0,1,41,1,1,0,2,13542,1,400,3,4,4,1,6,0,0,0,0,0,1,2,1,-1.0,1,0
3121,7,2,0,9,0,1,8,3,1,1,52,1,1,0,1,8037,13,400,1,4,4,3,7,0,0,0,6,0,3,1,1,-1.0,1,0
3149,1,5,6,17,0,5,12,1,0,2,32,0,1,0,1,3152,6,400,1,4,4,1,4,0,0,0,0,0,1,0,1,-1.0,1,0
3159,10,4,1,13,0,2,11,4,1,1,37,0,0,0,1,12482,12,400,4,4,4,0,5,0,0,0,3,0,1,2,0,-1.0,1,0
3170,11,4,0,17,0,2,11,1,0,2,22,0,1,0,1,4844,6,400,4,4,4,3,3,0,0,0,6,0,1,0,1,-1.0,1,0
3192,9,3,1,2,0,7,10,4,1,2,25,0,2,1,1,5995,14,400,1,4,4,1,4,0,0,0,0,0,1,0,2,-1.0,1,0
3193,1,3,5,6,0,1,12,3,1,1,35,0,1,0,0,1019,9,400,4,4,4,0,6,0,0,0,0,0,1,0,1,-1.0,0,0
3199,8,1,5,6,0,7,9,1,1,1,52,0,2,1,1,2121,12,400,2,4,4,3,7,0,0,0,1,0,1,0,2,-1.0,1,0
3200,11,5,0,13,0,2,11,2,0,1,34,0,1,0,1,6791,11,400,1,4,4,1,6,0,0,0,1,0,1,1,1,-1.0,1,1
3242,7,1,6,2,0,6,8,3,1,1,44,1,2,1,5,9597,12,400,3,4,4,3,6,0,0,0,0,0,1,1,2,-1.0,2,0
3267,8,3,0,13,0,6,9,4,1,1,52,0,0,0,1,1177,11,400,2,4,4,1,7,0,0,0,6,4,2,0,0,-1.0,1,0
3279,11,2,1,9,0,1,12,4,1,1,34,0,1,0,2,5104,10,400,4,4,4,3,6,0,0,0,0,4,2,0,1,-1.0,1,0
3334,6,4,0,5,0,3,6,1,0,2,40,0,1,0,2,2739,4,400,2,4,4,0,3,0,0,0,0,0,1,0,1,-1.0,1,0
3345,9,1,2,18,0,6,10,2,1,1,34,1,0,0,3,7209,5,400,3,4,4,0,4,0,0,0,0,0,1,1,0,-1.0,2,0
3359,7,1,6,13,0,5,8,1,1,1,55,1,2,1,1,12057,10,400,1,4,4,3,6,0,0,0,6,0,1,2,2,-1.0,1,0
3365,6,4,5,17,0,6,6,1,0,1,43,0,0,0,0,10750,7,400,2,4,4,0,6,0,0,0,6,0,1,1,0,-1.0,0,0
3392,11,3,0,17,0,2,3,1,0,2,26,0,2,1,1,7732,12,400,2,4,4,1,4,0,0,0,1,0,1,1,2,-1.0,1,0
3397,10,3,3,9,0,6,11,3,1,1,38,1,1,0,1,11771,7,400,4,4,4,1,6,0,0,0,6,0,1,2,1,-1.0,1,0
3421,6,1,5,9,0,6,7,4,1,1,54,0,4,1,5,11144,3,400,2,4,4,1,6,0,0,0,0,0,1,1,1,-1.0,2,0
3435,1,2,6,9,0,7,8,1,1,2,27,0,4,1,5,2985,3,400,3,4,4,3,6,0,0,0,0,0,1,0,1,-1.0,2,0
3443,11,5,2,5,0,2,11,1,1,1,44,0,1,0,2,822,10,400,4,4,4,0,7,0,0,0,3,0,1,0,1,-1.0,1,0
3453,1,4,5,9,0,5,12,1,1,1,31,1,4,1,5,12946,13,400,1,4,4,0,5,0,0,0,0,0,1,2,1,-1.0,2,0
3462,7,1,4,9,0,7,8,2,1,1,51,0,6,2,5,7366,2,400,2,4,4,3,7,0,0,0,3,0,1,1,0,-1.0,2,0
3468,10,3,2,9,0,1,11,3,1,1,39,0,1,0,1,5823,10,400,2,4,4,0,6,0,0,0,3,0,3,0,1,-1.0,1,0
3471,11,4,5,0,0,7,12,4,0,1,39,0,1,0,2,14263,7,400,4,4,4,3,6,0,0,0,1,0,1,2,1,-1.0,1,0
3501,11,4,3,6,0,7,11,1,1,1,39,0,0,0,3,10806,9,400,2,4,4,1,6,0,0,0,1,0,1,1,0,-1.0,2,0
3538,10,3,0,13,0,1,11,4,0,1,33,0,1,0,2,14830,9,400,1,4,4,0,6,0,0,0,3,0,1,2,1,-1.0,1,0
3540,9,4,6,17,0,5,10,4,0,2,45,1,0,0,1,4272,13,400,2,4,4,0,6,0,0,0,3,0,1,0,0,-1.0,1,0
3546,10,4,4,17,0,6,3,2,1,1,80,0,0,0,1,9613,12,400,3,4,4,0,5,0,0,0,6,0,1,1,0,-1.0,1,0
3547,2,5,5,13,0,5,4,4,0,2,57,0,0,0,1,13899,3,400,3,4,4,0,7,0,0,0,0,0,1,2,0,-1.0,1,0
3552,8,3,3,6,0,2,9,3,1,1,56,1,2,1,1,11602,6,400,2,4,4,1,6,0,0,0,0,0,1,2,2,-1.0,1,0
3563,11,1,0,13,0,1,12,1,1,1,33,0,2,1,2,14362,10,400,1,4,4,5,5,0,0,0,0,0,1,2,2,-1.0,1,0
3597,11,4,2,13,0,2,11,1,1,1,30,0,0,0,1,12312,7,400,3,4,4,3,6,0,0,0,1,0,1,2,0,-1.0,1,0
3602,10,3,4,13,0,5,11,3,1,1,50,0,2,1,2,5057,2,400,1,4,4,0,7,0,0,0,6,0,1,0,2,-1.0,1,0
3604,11,3,4,2,0,6,12,4,1,2,31,1,1,0,1,14592,9,400,1,4,4,1,5,0,0,0,0,0,1,2,1,-1.0,1,0
3612,10,5,3,3,0,7,10,1,0,1,70,1,2,1,2,9892,2,400,2,4,4,1,6,0,0,0,6,4,2,1,2,-1.0,1,0
3644,6,2,6,17,0,2,7,2,1,1,63,0,0,0,1,4361,7,400,2,4,4,0,6,0,0,0,1,0,1,0,0,-1.0,1,1
3674,10,4,3,6,0,5,11,4,1,1,22,0,1,0,1,15337,3,400,3,4,4,1,4,1,0,0,6,0,1,2,1,-1.0,1,0
3682,10,2,1,9,0,6,11,2,1,2,27,0,0,0,1,3282,12,400,1,4,4,1,5,0,0,0,0,0,1,0,0,-1.0,1,0
3723,6,2,5,17,0,7,7,2,1,1,42,0,1,0,1,13977,12,400,3,4,4,3,5,0,0,0,0,0,1,2,1,-1.0,1,0
3789,6,3,1,6,0,1,7,4,0,2,32,0,2,1,1,12109,11,400,4,4,4,3,2,0,0,0,0,0,1,2,2,-1.0,1,0
3796,1,5,6,17,0,7,12,2,0,1,50,1,0,0,1,2776,13,400,3,4,4,0,7,0,0,0,1,0,1,0,0,-1.0,1,0
3806,8,2,2,13,0,6,9,2,1,1,33,0,1,0,2,3546,10,400,4,4,4,1,4,0,0,0,0,0,1,0,1,-1.0,1,0
3817,8,3,6,6,0,7,9,4,1,1,34,1,1,0,1,3129,13,400,2,4,4,1,4,0,0,0,3,0,1,0,1,-1.0,1,0
3824,7,1,2,17,0,5,8,3,1,1,43,0,1,0,1,12159,3,400,1,4,4,3,6,0,0,0,3,0,1,2,1,-1.0,1,0
3848,3,4,6,15,0,2,4,5,1,1,43,1,2,1,2,7368,14,400,3,4,4,5,6,0,0,0,6,0,1,1,2,-1.0,1,0
3882,11,2,3,9,0,6,12,2,1,1,28,0,2,1,1,5436,6,400,2,4,4,3,4,0,0,0,3,0,1,0,2,-1.0,1,0
3890,6,2,2,17,0,1,6,1,1,1,65,1,2,1,1,4,4,400,2,4,4,1,7,1,0,0,6,0,1,0,2,-1.0,1,0
3917,10,3,3,9,0,6,11,3,1,1,43,0,1,0,2,11408,16,400,4,4,4,3,6,0,0,0,0,0,1,2,1,-1.0,1,0
3920,6,4,6,18,0,7,7,4,1,1,53,0,2,1,5,3151,13,400,1,4,4,3,7,0,0,0,1,4,2,0,2,-1.0,2,0
3922,3,2,0,17,0,1,4,2,0,1,45,1,1,0,1,363,8,400,3,4,4,3,5,0,0,0,0,0,1,0,1,-1.0,1,0
3944,10,2,3,13,0,5,11,2,1,1,33,1,0,0,1,7190,6,400,1,0,4,1,5,0,0,0,0,1,1,1,0,-1.0,1,0
3946,8,2,2,6,0,2,9,3,1,2,21,0,1,0,1,2496,9,400,3,4,4,1,4,0,0,0,0,0,1,0,1,-1.0,1,0
3966,9,1,4,13,0,6,3,2,1,2,47,0,0,0,2,13075,9,400,2,4,4,3,7,0,0,0,0,0,1,2,0,-1.0,1,0
3998,7,4,5,17,0,5,8,4,1,1,39,1,1,0,1,2231,16,400,4,4,4,3,6,0,0,0,6,0,1,0,1,-1.0,1,0
4013,7,3,0,17,0,6,8,4,1,1,28,1,2,1,2,5566,6,400,3,4,4,0,6,0,0,0,3,4,2,0,2,-1.0,1,0
4024,8,4,3,13,0,6,9,4,1,1,53,0,1,0,2,14582,4,400,1,4,4,3,5,0,0,0,6,0,1,2,1,-1.0,1,0
4036,8,1,0,13,0,2,9,2,1,1,32,0,2,1,1,12304,12,400,3,4,4,3,5,0,0,0,3,0,1,2,2,-1.0,1,0
4038,0,2,5,17,0,7,1,2,0,1,28,0,0,0,1,1915,16,400,3,4,4,1,5,0,0,0,0,0,1,0,0,-1.0,1,0
4086,8,2,0,17,0,7,9,3,1,2,25,0,0,0,0,12682,7,400,2,4,4,0,4,0,0,0,0,0,1,2,0,-1.0,0,0
4130,4,4,5,9,0,6,4,1,0,1,28,1,0,0,5,857,3,400,4,4,4,1,6,0,0,0,0,0,1,0,0,-1.0,2,0
4197,9,4,2,6,0,6,10,5,1,1,42,0,1,0,2,12457,8,400,4,4,4,3,6,0,0,0,6,0,1,2,1,-1.0,1,0
4211,6,2,3,2,0,2,7,3,1,1,55,0,0,0,2,7980,8,400,4,4,4,0,7,0,0,0,0,0,1,1,0,-1.0,1,0
4231,6,1,5,17,0,5,7,2,1,1,50,0,0,0,1,12934,1,400,2,4,4,3,7,0,0,0,6,0,1,2,0,-1.0,1,0
4243,9,2,1,17,0,7,10,4,1,1,44,0,1,0,1,13691,14,400,4,4,4,0,6,0,0,0,0,0,1,2,1,-1.0,1,0
4279,8,3,3,2,0,5,9,4,1,1,49,0,6,2,5,4023,14,400,4,4,4,1,7,0,0,0,6,0,1,0,0,-1.0,2,0
4286,6,4,3,6,0,2,7,4,1,2,0,0,2,1,5,14968,11,400,2,4,4,5,0,0,0,0,0,0,1,2,2,-1.0,2,0
4291,10,3,1,2,0,2,11,4,1,1,46,0,7,2,5,4976,14,400,1,4,4,0,7,0,0,0,0,0,1,0,1,-1.0,2,0
4296,6,3,4,13,0,1,7,3,1,1,28,1,1,0,1,1308,4,400,1,4,4,3,5,0,0,0,0,0,1,0,1,-1.0,1,0
4300,5,2,3,6,0,2,6,2,1,1,29,0,1,0,1,14958,9,400,1,4,4,1,6,0,0,0,1,0,1,2,1,-1.0,1,0
4323,0,1,6,2,0,7,9,1,1,1,54,0,1,0,5,11297,12,400,2,4,4,1,7,0,0,0,1,0,1,1,1,-1.0,2,1
4336,8,1,3,9,0,4,9,1,1,2,31,1,1,0,1,875,7,400,4,4,4,1,5,0,0,1,0,0,1,0,1,-1.0,1,0
4375,2,2,5,2,0,6,8,1,1,1,27,0,8,2,5,86,4,400,4,4,4,1,5,0,0,0,6,0,1,0,2,-1.0,2,0
4384,6,2,6,13,0,7,7,3,1,1,39,0,1,0,2,3181,4,400,4,4,4,3,6,0,0,0,6,0,1,0,1,-1.0,1,0
4385,4,1,3,2,0,2,5,2,1,1,41,0,1,0,2,12727,2,400,4,4,4,0,5,0,0,0,0,4,2,2,1,-1.0,1,0
4393,11,3,4,13,0,2,11,1,1,1,47,1,1,0,1,11512,6,400,3,4,4,0,6,0,0,0,1,0,1,2,1,-1.0,1,0
4412,7,4,4,9,0,1,1,1,0,1,52,1,0,0,1,2239,13,400,3,4,4,0,6,0,0,0,3,0,1,0,0,-1.0,1,0
4413,11,3,2,0,0,5,11,1,1,2,33,0,6,2,5,8305,6,400,2,4,4,0,6,0,0,0,6,0,1,1,0,-1.0,2,0
4421,8,1,0,17,0,2,9,2,1,1,58,0,1,0,1,14292,7,700,1,4,4,3,7,0,0,0,1,0,1,2,1,-1.0,1,0
4438,1,2,1,17,0,5,2,2,0,2,29,1,1,0,2,6193,10,400,3,4,4,1,5,0,0,0,0,0,1,1,1,-1.0,1,0
4456,9,2,0,17,0,5,10,3,1,2,30,0,1,0,1,6671,5,400,3,4,4,0,6,0,0,0,3,0,1,1,1,-1.0,1,0
4458,9,5,4,9,0,1,3,1,0,2,27,0,1,0,1,7821,4,400,1,4,4,5,5,0,0,0,1,0,1,1,1,-1.0,1,0
4480,10,5,2,17,0,5,10,1,1,1,53,0,0,0,2,5616,12,400,1,4,4,1,7,0,0,0,6,0,1,0,0,-1.0,1,0
4489,11,2,5,17,0,6,12,2,1,1,36,0,1,0,1,10744,1,400,4,4,4,0,6,0,0,0,1,0,1,1,1,-1.0,1,0
4524,6,5,6,15,0,6,6,2,0,2,28,1,0,0,2,11163,2,400,4,4,4,3,4,0,0,0,1,0,1,1,0,-1.0,1,0
4531,9,3,5,9,0,6,10,3,1,1,44,0,2,1,2,8101,6,400,1,4,4,3,6,0,0,0,6,0,1,1,2,-1.0,1,0
4571,8,1,5,6,0,2,9,5,1,2,25,0,1,0,1,14918,4,400,2,4,4,3,2,0,0,0,6,0,1,2,1,-1.0,1,0
4580,8,3,1,13,0,5,9,3,1,2,27,1,1,0,1,14488,13,400,2,4,4,0,6,0,1,0,0,0,1,2,1,-1.0,1,0
4582,4,3,5,6,0,6,5,3,0,2,41,0,1,0,1,3529,6,400,1,4,4,0,6,0,0,0,3,4,2,0,1,-1.0,1,0
4583,7,2,3,2,0,2,8,3,1,2,29,0,1,0,1,7475,10,400,1,4,4,0,5,0,0,0,0,0,1,1,1,-1.0,1,0
4592,11,1,4,13,0,7,12,2,1,1,55,0,1,0,2,9493,3,400,4,4,4,0,7,0,0,0,6,4,2,1,1,-1.0,1,0
4614,5,3,4,9,0,6,6,4,1,2,23,0,1,0,1,6136,16,400,3,4,4,1,4,0,0,0,1,0,1,0,1,-1.0,1,0
4628,7,1,4,9,0,5,8,1,1,2,32,0,2,1,1,10833,12,400,1,4,4,3,4,0,0,0,0,0,1,1,2,-1.0,1,0
4664,8,2,2,6,0,6,9,2,1,2,69,0,0,0,1,3094,6,400,3,4,4,3,7,0,0,0,1,0,1,0,0,-1.0,1,0
4673,8,4,6,9,0,5,9,4,1,1,51,0,0,0,1,15100,12,400,3,4,4,0,6,0,0,0,1,4,2,2,0,-1.0,1,0
4682,4,2,6,15,0,5,5,2,0,1,42,0,1,0,2,3632,10,400,3,4,4,0,6,0,0,0,3,0,1,0,1,-1.0,1,0
4707,6,3,6,9,0,7,7,3,1,1,42,0,2,1,1,6547,16,400,3,4,4,5,6,0,0,0,0,0,1,1,2,-1.0,1,0
4711,6,1,2,6,0,1,12,3,1,1,64,0,0,0,1,4285,3,500,3,4,4,1,7,0,0,0,6,2,2,0,0,-1.0,1,0
4725,4,1,1,2,0,6,5,1,1,1,62,0,2,1,1,15390,9,400,3,4,4,0,6,0,0,0,3,0,1,2,2,-1.0,1,0
4764,10,5,3,17,0,2,11,5,1,1,54,0,1,0,1,6861,7,400,2,4,4,0,7,0,0,0,6,0,1,1,1,-1.0,1,0
4859,0,2,5,13,0,6,1,3,0,2,41,0,1,0,1,8969,6,400,4,4,4,1,6,0,0,0,0,0,1,1,1,-1.0,1,0
4879,1,5,4,12,0,6,10,3,1,1,40,0,2,1,5,3413,1,400,2,4,4,3,5,0,0,0,6,0,1,0,2,-1.0,2,0
4883,5,1,3,17,0,6,6,1,1,2,30,0,0,0,1,6802,8,400,2,4,4,0,5,0,0,0,0,0,1,1,0,-1.0,1,0
4900,8,2,0,13,0,2,7,2,1,2,32,0,2,1,1,12683,6,400,3,4,4,5,5,0,0,0,6,0,1,2,2,-1.0,1,0
4910,10,1,6,17,0,5,11,1,0,2,27,0,0,0,1,5947,4,400,4,4,4,1,5,0,0,0,1,0,1,0,0,-1.0,1,0
4933,10,3,0,13,0,2,11,3,1,1,41,0,0,0,5,2079,4,400,2,4,4,3,6,0,0,0,0,0,1,0,0,-1.0,2,0
4942,9,3,6,13,0,6,10,4,1,1,40,0,1,0,2,2916,16,400,1,4,4,3,5,0,0,0,6,0,1,0,1,-1.0,1,0
4955,5,4,5,0,0,7,6,4,1,1,56,1,0,0,5,12336,10,400,3,4,4,0,7,0,0,0,0,0,1,2,0,-1.0,2,0
5047,5,3,5,13,0,5,9,4,1,2,30,0,1,0,1,8492,9,400,1,4,4,3,5,0,0,0,3,0,1,1,1,-1.0,1,0
5050,7,3,6,2,0,2,8,3,1,1,43,0,0,0,5,5552,7,400,1,4,4,3,7,0,0,0,0,1,1,0,0,-1.0,2,0
5058,11,5,0,9,0,6,10,3,1,1,39,0,1,0,2,5135,13,400,1,4,4,3,6,0,0,0,3,0,1,0,1,-1.0,1,0
5078,6,4,3,13,0,2,2,5,1,1,75,0,1,0,3,6005,16,400,3,4,4,5,7,0,0,0,0,0,1,0,1,-1.0,2,0
5096,10,3,4,13,0,1,11,4,0,2,29,1,1,0,1,13505,15,400,4,4,4,1,3,0,1,0,1,0,1,2,1,-1.0,1,0
5100,10,2,0,2,0,1,11,3,1,1,32,1,1,0,1,11400,13,400,1,4,4,3,6,0,0,0,6,0,1,2,1,-1.0,1,0
5143,9,1,5,17,0,7,3,2,1,2,31,1,1,0,1,9916,8,400,3,4,4,3,6,0,0,0,1,0,1,1,1,-1.0,1,0
5163,7,2,5,13,0,7,8,2,1,1,72,1,2,1,1,10449,3,400,1,4,4,1,7,0,0,0,6,0,1,1,2,-1.0,1,0
5164,6,3,6,6,0,7,7,3,1,1,29,1,1,0,0,4680,1,400,1,4,4,5,6,0,0,0,0,0,1,0,1,-1.0,0,0
5176,5,1,3,13,0,2,6,1,1,1,45,1,1,0,2,11147,6,400,4,4,4,1,6,0,0,0,1,0,1,1,1,-1.0,1,0
5186,6,1,6,9,0,6,7,3,1,1,54,0,6,2,5,6867,15,400,2,4,4,3,7,0,0,0,3,0,1,1,0,-1.0,2,0
5190,11,1,3,9,0,5,12,3,1,2,31,0,1,0,5,15202,8,400,4,4,4,0,5,0,0,0,0,0,1,2,1,-1.0,2,0
5199,6,4,3,17,0,2,7,4,0,2,28,0,0,0,0,9863,5,400,4,4,4,0,6,0,0,0,0,0,1,1,0,-1.0,0,0
5236,3,1,6,6,0,5,4,1,1,1,67,0,0,0,0,12995,9,400,4,4,4,0,7,0,0,0,1,0,1,2,0,-1.0,0,0
5261,11,4,1,17,0,6,11,1,1,2,35,0,2,1,2,3320,1,400,1,4,4,5,5,0,0,0,3,0,1,0,2,-1.0,1,0
5284,9,1,6,17,0,5,10,1,1,1,52,1,0,0,0,11149,6,400,1,4,4,0,7,0,0,0,1,0,1,1,0,-1.0,0,0
5295,4,3,1,17,0,6,4,1,0,2,34,1,0,0,1,3707,10,400,3,4,4,0,5,0,0,0,0,0,1,0,0,-1.0,1,0
5298,9,2,4,13,0,6,10,3,1,2,35,0,2,1,1,10922,11,400,3,4,4,0,6,0,0,0,6,0,1,1,2,-1.0,1,0
5313,11,1,3,13,0,7,12,4,1,2,24,1,1,0,1,4883,5,400,4,4,4,1,4,0,0,0,6,0,1,0,1,-1.0,1,0
5339,9,3,3,17,0,6,10,4,0,1,35,0,0,0,0,1061,3,400,1,4,4,0,4,0,0,0,3,0,1,0,0,-1.0,0,0
5391,2,1,3,6,0,7,9,2,1,2,28,0,1,0,1,13902,3,400,1,4,4,3,4,0,0,0,1,0,1,2,1,-1.0,1,0
5411,7,1,3,6,0,6,8,2,1,1,32,1,0,0,1,13322,7,400,4,4,4,0,6,0,0,0,6,0,1,2,0,-1.0,1,0
5416,4,2,0,9,0,3,5,3,0,1,55,0,1,0,0,14423,11,400,2,4,4,0,6,0,0,0,0,0,1,2,1,-1.0,0,0
5427,9,5,5,13,0,5,3,5,1,2,29,0,1,0,2,12891,5,400,1,4,4,1,5,0,0,0,6,0,1,2,1,-1.0,1,0
5430,9,5,5,6,0,7,10,5,1,1,26,0,1,0,5,14086,10,400,2,4,4,3,5,0,0,0,0,0,1,2,1,-1.0,2,0
5442,10,3,5,0,0,2,11,4,1,1,38,0,2,1,3,4163,3,400,1,4,4,3,6,0,0,0,6,0,1,0,2,-1.0,2,0
5463,3,1,3,0,0,5,8,1,1,1,32,1,0,0,2,13889,4,400,3,4,4,0,5,0,0,0,0,0,1,2,0,-1.0,1,0
5467,7,1,1,17,0,5,8,2,1,1,38,0,1,0,2,7303,11,400,1,4,4,1,6,0,0,0,6,0,1,1,1,-1.0,1,0
5475,11,5,4,13,0,6,11,1,1,2,32,1,0,0,1,9243,10,400,3,4,4,0,5,0,0,0,1,0,1,1,0,-1.0,1,0
5481,8,5,1,6,0,6,9,5,1,1,31,0,1,0,1,12307,3,400,4,3,3,0,6,0,0,0,0,4,2,2,1,-1.0,1,0
5485,1,3,2,9,0,2,2,4,0,1,32,0,1,0,2,2281,7,400,3,4,4,0,5,0,0,0,0,0,1,0,1,-1.0,1,0
5497,10,4,6,0,0,1,10,2,1,1,39,0,0,0,2,6503,8,400,2,4,4,0,4,0,0,0,0,0,1,1,0,-1.0,1,0
5507,7,4,5,17,0,5,8,4,1,1,26,0,0,0,0,750,14,400,2,4,4,0,5,0,0,0,3,0,1,0,0,-1.0,0,0
5511,6,1,0,2,0,7,7,2,1,2,42,1,2,1,3,5089,14,400,3,4,4,1,6,0,0,0,0,0,1,0,2,-1.0,2,0
5544,11,3,4,5,0,5,12,3,1,1,36,1,2,1,3,888,6,400,3,4,4,1,6,0,0,0,1,0,1,0,2,-1.0,2,0
5560,8,4,5,2,0,6,9,5,1,1,33,0,2,1,1,10212,4,400,4,4,4,0,5,0,0,0,0,0,1,1,2,-1.0,1,0
5584,9,1,0,17,0,1,10,1,1,1,36,0,0,0,0,6846,10,400,3,4,4,3,6,0,0,0,0,0,1,1,0,-1.0,0,0
5595,11,1,1,18,0,7,12,2,1,1,50,0,1,0,3,6530,16,400,4,4,4,0,7,0,0,0,1,0,1,1,1,-1.0,2,0
5598,2,3,3,13,0,2,3,3,0,1,61,0,2,1,0,7772,14,400,4,4,4,0,6,0,0,0,0,0,1,1,2,-1.0,0,0
5645,0,2,6,2,0,1,9,1,1,1,56,1,2,1,3,4636,7,400,4,4,4,5,7,0,0,0,3,0,1,0,2,-1.0,2,0
5648,9,2,6,17,0,6,10,4,1,1,58,1,1,0,2,868,2,500,2,4,4,3,7,0,0,0,3,2,1,0,1,-1.0,1,0
5654,7,4,5,9,0,6,8,5,1,1,46,0,2,1,1,497,3,400,4,4,4,5,5,0,0,0,0,0,1,0,2,-1.0,1,0
5660,9,3,5,17,0,2,3,3,1,2,25,0,1,0,1,8536,15,400,2,4,4,5,4,0,0,0,0,0,1,1,1,-1.0,1,0
5665,6,5,5,9,0,6,7,5,1,2,49,0,2,1,1,14967,2,400,4,4,4,3,7,0,0,0,1,0,1,2,2,-1.0,1,0
5669,10,2,6,13,0,2,11,3,1,1,54,0,2,1,2,15169,2,400,4,4,4,5,6,0,0,0,0,0,1,2,2,-1.0,1,0
5682,5,1,6,13,0,5,12,5,1,1,47,0,1,0,1,8624,16,400,4,4,4,0,7,0,0,0,0,0,1,1,1,-1.0,1,0
5684,5,4,6,6,0,5,6,4,0,1,51,0,1,0,1,6025,12,400,3,4,4,3,6,0,0,0,0,0,1,0,1,-1.0,1,0
5688,6,2,6,9,0,1,7,3,1,2,27,1,0,0,1,12820,4,400,4,4,4,0,6,0,0,0,6,0,1,2,0,-1.0,1,0
5697,11,1,2,18,0,2,12,1,1,2,26,1,2,1,3,8890,14,400,1,4,4,3,6,0,0,0,6,0,1,1,2,-1.0,2,0
5712,11,4,2,13,0,2,12,4,1,2,34,1,1,0,0,14852,8,400,2,4,4,0,5,0,0,0,0,0,1,2,1,-1.0,0,0
5716,5,4,6,3,0,5,6,5,0,2,21,1,1,0,1,6588,3,400,1,4,4,1,3,0,0,0,6,0,1,1,1,-1.0,1,0
5740,11,1,3,9,0,2,12,1,1,1,42,0,1,0,1,4202,7,400,1,4,4,0,6,0,0,0,1,0,1,0,1,-1.0,1,0
5755,8,2,6,6,0,5,9,4,0,1,37,1,2,1,1,9620,12,400,3,4,4,5,6,0,0,0,0,0,1,1,2,-1.0,1,0
5760,4,5,1,9,0,5,4,3,0,1,31,0,1,0,5,4262,5,400,4,4,4,1,6,0,0,0,6,0,1,0,1,-1.0,2,0
5789,8,3,0,2,0,2,9,4,1,1,45,1,1,0,5,3128,2,400,2,4,4,0,6,0,0,0,0,0,1,0,1,-1.0,2,0
5797,5,2,5,6,0,5,6,3,1,2,40,0,2,1,1,14210,16,400,3,2,3,5,4,0,0,0,0,0,1,2,2,-1.0,1,0
5801,6,2,1,6,0,2,7,2,1,2,0,0,2,1,5,9529,13,400,2,4,4,3,0,0,0,0,0,0,1,1,2,-1.0,2,0
5806,5,4,1,13,0,6,6,4,1,1,46,0,2,1,2,4764,1,400,3,4,4,3,7,0,0,0,3,0,1,0,2,-1.0,1,0
5807,11,2,6,17,0,2,11,2,1,1,36,0,1,0,2,14570,7,400,3,4,4,3,6,0,0,0,1,0,1,2,1,-1.0,1,1
5824,10,1,6,5,0,7,11,1,1,1,63,1,0,0,3,11284,15,400,4,4,4,1,7,0,0,0,6,0,1,1,0,-1.0,2,0
5825,10,1,3,0,0,6,11,1,1,1,61,0,2,1,1,12246,13,700,4,4,4,3,7,0,0,0,6,0,1,2,2,-1.0,1,0
5897,10,4,2,13,0,6,11,4,1,2,35,0,2,1,1,4071,11,400,4,4,4,0,5,0,0,0,0,0,1,0,2,-1.0,1,0
5939,5,2,0,2,0,2,6,2,1,1,53,0,1,0,1,9517,15,400,4,4,4,1,7,0,0,0,3,0,1,1,1,-1.0,1,0
5944,8,2,0,9,0,5,9,3,1,1,24,0,1,0,1,12157,10,400,3,4,4,5,5,0,0,0,3,0,1,2,1,-1.0,1,1
5955,4,1,2,13,0,1,9,3,1,1,48,0,1,0,1,8805,9,700,2,4,4,0,6,0,0,0,0,0,1,1,1,-1.0,1,0
5959,9,1,6,2,0,5,3,3,0,1,45,0,0,0,1,14341,12,400,2,4,4,1,6,0,0,0,1,0,1,2,0,-1.0,1,0
5974,10,4,5,13,0,7,10,1,1,1,55,0,1,0,2,481,10,400,1,4,4,3,7,0,0,0,0,0,1,0,1,-1.0,1,0
6010,8,3,2,17,0,7,9,3,1,1,26,0,1,0,0,6243,7,400,2,4,4,0,5,0,0,0,6,0,1,1,1,-1.0,0,0
6042,11,5,6,13,0,6,11,1,1,2,28,0,1,0,2,6737,15,400,2,4,4,3,5,0,0,0,0,0,1,1,1,-1.0,1,1
6050,10,3,6,18,0,6,11,4,1,1,35,0,1,0,2,6936,15,400,4,4,4,1,5,0,0,0,6,0,1,1,1,-1.0,1,0
6058,8,2,6,13,0,6,9,3,1,2,30,0,1,0,2,6583,16,400,3,4,4,0,6,0,0,0,3,0,1,1,1,-1.0,1,0
6099,7,2,0,13,0,1,8,2,1,1,47,1,0,0,0,8946,11,400,4,4,4,0,6,0,0,0,0,0,1,1,0,-1.0,0,0
6103,10,5,5,17,0,1,10,1,1,1,45,1,1,0,1,9001,15,400,4,4,4,0,5,0,0,0,6,0,1,1,1,-1.0,1,0
6109,10,3,3,13,0,6,11,4,0,1,54,0,1,0,1,14701,15,400,1,4,4,3,7,0,0,0,6,4,2,2,1,-1.0,1,0
6134,6,1,4,2,0,5,7,1,1,2,32,0,2,1,1,3791,5,400,3,4,4,3,5,0,0,0,3,0,1,0,2,-1.0,1,0
6136,5,2,1,2,0,2,6,2,1,1,53,0,1,0,5,15259,9,400,3,4,4,3,7,0,0,0,3,0,1,2,1,-1.0,2,0
6139,7,3,4,17,0,6,8,5,1,1,43,0,0,0,5,6953,10,400,4,4,4,1,7,0,0,0,6,0,1,1,0,-1.0,2,0
6192,2,3,4,5,0,6,9,4,1,1,78,0,3,1,0,9363,13,700,4,4,4,3,7,0,0,0,1,0,1,1,0,-1.0,0,0
6193,9,4,0,13,0,1,10,4,1,1,37,0,1,0,1,5991,12,400,2,4,4,0,6,0,0,0,6,0,1,0,1,-1.0,1,0
6203,0,3,6,6,0,6,2,1,0,1,36,0,1,0,0,2702,10,400,1,4,4,3,5,0,0,0,6,0,1,0,1,-1.0,0,0
6213,5,4,1,9,0,7,6,4,1,1,56,0,2,1,5,11218,8,400,3,4,4,5,7,0,0,0,1,0,1,1,2,-1.0,2,0
6218,9,1,0,13,0,6,10,2,0,2,23,1,0,0,1,11009,9,400,1,4,4,0,4,0,0,0,3,0,1,1,0,-1.0,1,0
6240,8,2,0,2,0,7,9,3,1,1,44,1,1,0,5,4313,4,400,3,4,4,3,6,1,0,0,0,0,1,0,1,-1.0,2,0
6242,9,1,2,9,0,1,10,2,0,2,27,0,1,0,1,11138,2,400,2,4,4,3,6,0,0,0,3,0,1,1,1,-1.0,1,0
6253,7,5,6,17,0,7,8,5,1,1,58,1,0,0,1,1916,2,400,3,4,4,0,7,0,0,0,0,0,1,0,0,-1.0,1,0
6274,8,3,3,6,0,2,9,3,1,1,53,0,2,1,1,8991,10,700,2,4,4,3,7,1,0,0,0,0,1,1,2,-1.0,1,0
6279,11,4,3,17,0,2,11,2,1,1,66,1,0,0,1,11230,4,400,4,4,4,1,7,0,0,0,6,0,1,1,0,-1.0,1,0
6294,6,3,5,17,0,7,7,4,1,1,28,0,2,1,2,433,7,400,2,4,4,5,6,0,0,0,6,0,1,0,2,-1.0,1,0
6311,7,2,4,13,0,6,8,3,1,1,52,1,1,0,1,10679,7,400,3,4,4,1,7,0,0,0,1,0,1,1,1,-1.0,1,0
6382,7,1,6,2,0,6,8,3,1,1,40,0,7,2,5,7336,16,400,2,4,4,3,6,0,0,0,6,0,1,1,1,-1.0,2,0
6425,4,1,5,9,0,2,5,2,1,1,26,0,2,1,2,13687,7,400,1,4,4,3,6,0,0,0,6,0,1,2,2,-1.0,1,0
6464,11,5,6,13,0,2,10,2,1,0,48,0,0,0,1,5049,3,400,1,4,4,0,7,0,0,0,0,0,1,0,0,-1.0,1,0
6480,1,5,3,17,0,5,12,1,0,2,32,0,1,0,1,669,12,400,2,4,4,0,6,0,0,0,6,0,1,0,1,-1.0,1,0
6488,11,1,3,2,0,5,12,2,0,2,27,1,0,0,1,2711,12,400,2,4,4,1,5,0,0,0,1,0,1,0,0,-1.0,1,0
6526,9,1,5,9,0,1,10,1,1,2,31,1,2,1,2,14283,12,400,2,4,4,3,6,1,0,0,3,0,1,2,2,-1.0,1,0
6546,7,1,2,9,0,5,8,4,1,2,31,0,0,0,1,1289,10,400,3,4,4,0,5,0,0,0,0,0,1,0,0,-1.0,1,0
6608,6,5,6,9,0,2,6,1,1,2,33,1,4,1,5,4558,4,400,1,4,4,1,4,1,0,0,6,4,2,0,1,-1.0,2,0
6619,8,4,4,6,0,5,9,5,1,2,0,0,0,0,5,5401,6,400,2,4,4,0,0,0,0,0,0,0,1,0,0,-1.0,2,0
6622,9,3,1,9,0,2,10,3,1,1,35,0,1,0,2,4972,8,400,2,4,4,0,6,0,0,0,0,0,1,0,1,-1.0,1,0
6628,7,1,0,5,0,7,8,4,1,1,41,1,1,0,3,9583,9,400,2,4,4,3,7,0,0,0,6,0,1,1,1,-1.0,2,0
6674,7,4,6,13,0,2,8,4,1,1,76,0,0,0,1,1987,3,400,4,4,4,0,7,0,1,0,1,0,1,0,0,-1.0,1,0
6707,4,4,4,0,0,2,5,5,1,1,35,0,0,0,5,6989,8,400,1,4,4,0,5,0,0,0,6,0,1,1,0,-1.0,2,0
6732,9,3,6,17,0,5,10,3,0,1,37,1,1,0,1,13386,15,400,3,4,4,0,5,0,0,0,6,0,1,2,1,-1.0,1,0
6739,7,1,6,13,0,5,8,1,0,2,37,0,1,0,1,237,3,400,4,4,4,3,6,0,1,0,6,0,1,0,1,-1.0,1,0
6750,8,1,1,13,0,2,9,2,1,2,36,0,1,0,0,3268,4,400,3,4,4,0,6,0,0,0,6,0,1,0,1,-1.0,0,1
6762,8,3,2,9,0,2,9,3,1,1,50,0,2,1,1,12899,11,400,4,4,4,3,7,0,0,0,3,0,1,2,2,-1.0,1,0
6771,9,4,0,13,0,6,10,5,1,2,44,0,2,1,1,1091,9,400,1,4,4,0,6,0,0,0,0,0,1,0,2,-1.0,1,0
6773,4,5,0,13,0,2,5,5,1,2,26,0,0,0,3,901,7,400,1,4,4,0,5,0,0,0,0,0,1,0,0,-1.0,2,1
6782,10,2,1,5,0,5,5,4,1,2,24,0,6,2,5,15292,8,400,3,4,4,0,3,0,0,0,6,0,1,2,0,-1.0,2,0
6793,9,1,0,13,0,6,10,2,1,1,46,1,1,0,1,12855,9,400,4,4,4,1,7,0,0,0,0,0,1,2,1,-1.0,1,0
6815,5,3,6,13,0,2,6,4,1,1,41,0,1,0,1,11460,1,400,2,4,4,3,6,0,0,0,6,0,1,2,1,-1.0,1,0
6818,10,5,1,9,0,7,10,1,1,1,46,0,0,0,0,7612,16,400,1,4,4,3,6,0,0,0,6,0,1,1,0,-1.0,0,1
6829,4,1,5,13,0,2,5,2,1,1,38,0,1,0,0,10426,16,400,3,4,4,0,6,0,0,0,0,0,1,1,1,-1.0,0,0
6838,8,3,1,6,0,2,9,3,1,1,28,0,0,0,0,3420,11,400,3,4,4,3,5,0,0,0,1,0,1,0,0,-1.0,0,0
6863,9,2,6,2,0,5,10,2,1,1,51,0,0,0,2,10812,11,400,2,4,4,3,7,0,0,0,6,0,1,1,0,-1.0,1,0
6895,4,5,2,17,0,5,4,1,0,1,53,0,2,1,1,9469,12,400,4,4,4,0,6,0,0,0,0,0,1,1,2,-1.0,1,0
6896,5,3,0,9,0,6,12,1,1,1,40,0,1,0,1,957,9,400,2,4,4,1,6,0,0,0,6,0,1,0,1,-1.0,1,0
6911,11,3,5,9,0,6,11,1,1,1,27,0,2,1,2,11347,11,400,1,4,4,3,5,0,0,0,6,0,1,2,2,-1.0,1,0
6919,8,3,2,2,0,2,9,3,1,1,27,0,1,0,1,7241,6,400,3,4,4,0,5,0,0,0,0,0,1,1,1,-1.0,1,0
6937,6,4,0,17,0,1,7,4,0,2,41,0,1,0,1,9156,11,400,1,4,4,1,6,0,0,0,1,0,1,1,1,-1.0,1,0
6940,11,5,0,9,0,1,12,5,1,1,26,0,2,1,1,601,3,400,3,4,4,5,6,0,0,0,0,0,1,0,2,-1.0,1,0
6941,5,2,5,6,0,7,6,2,1,1,33,0,1,0,1,4132,16,500,3,4,4,0,6,0,0,0,3,2,1,0,1,-1.0,1,0
6945,6,3,1,16,0,7,7,5,1,1,31,0,1,0,2,11222,14,400,1,4,4,0,6,0,0,0,6,0,1,1,1,-1.0,1,0
6947,6,4,4,6,0,6,7,4,1,2,21,0,2,1,5,12915,13,400,4,4,4,3,1,0,0,0,6,0,1,2,2,-1.0,2,0
6964,10,3,1,17,0,2,11,3,1,1,41,0,1,0,1,7895,7,400,1,4,4,0,7,0,0,0,1,0,1,1,1,-1.0,1,0
6989,5,1,1,17,0,2,6,1,1,2,30,0,1,0,1,2087,12,400,1,4,4,0,5,0,0,0,1,0,1,0,1,-1.0,1,0
7005,7,5,5,2,0,7,8,5,1,2,30,0,1,0,1,11847,16,400,1,4,4,0,5,0,0,0,0,0,1,2,1,-1.0,1,0
7016,7,4,4,0,0,1,1,4,1,1,38,1,0,0,2,3360,15,400,4,1,4,1,5,0,1,0,0,0,1,0,0,-1.0,1,0
7018,11,3,5,13,0,1,12,4,1,1,57,0,1,0,5,9245,4,400,4,4,4,1,7,0,0,0,0,0,1,1,1,-1.0,2,0
7042,8,1,3,6,0,6,9,1,1,1,38,0,2,1,2,9266,5,400,2,4,4,3,6,0,0,0,6,0,1,1,2,-1.0,1,0
7043,10,3,6,13,0,6,11,4,1,1,55,0,1,0,1,11824,16,400,1,4,4,3,5,0,0,0,3,4,2,2,1,-1.0,1,0
7097,11,1,1,6,0,6,12,1,1,2,17,0,4,1,5,6178,13,400,3,4,4,0,2,0,0,0,0,0,1,1,1,-1.0,2,1
7101,6,5,4,3,0,6,6,1,1,2,39,0,1,0,2,13815,15,400,1,4,4,1,5,0,0,0,0,0,1,2,1,-1.0,1,0
7105,8,4,1,13,0,2,9,4,1,1,39,0,1,0,2,12803,4,400,2,4,4,1,6,0,0,0,6,0,1,2,1,-1.0,1,0
7108,10,2,6,2,0,2,3,2,1,1,44,0,6,2,5,1653,1,400,1,4,4,5,6,0,0,0,1,0,1,0,0,-1.0,2,0
7141,6,3,5,13,0,6,7,3,1,1,38,1,2,1,1,9012,16,400,2,4,4,3,7,0,0,0,1,0,1,1,2,-1.0,1,0
7143,9,3,5,9,0,2,10,4,0,1,26,1,1,0,1,8020,4,400,3,4,4,0,6,0,0,0,0,0,1,1,1,-1.0,1,0
7159,9,3,0,13,0,6,10,4,1,1,57,0,2,1,1,14946,8,400,4,4,4,3,7,0,0,0,1,0,1,2,2,-1.0,1,0
7177,11,4,6,17,0,7,12,4,1,1,35,0,1,0,2,11631,11,400,3,4,4,1,6,0,0,0,6,0,1,2,1,-1.0,1,0
7179,6,4,5,13,0,6,7,4,1,1,61,0,2,1,2,15013,8,400,1,4,4,3,7,0,0,0,0,0,1,2,2,-1.0,1,0
7194,11,5,0,13,0,7,11,1,1,1,34,0,1,0,5,3183,3,400,1,4,4,0,6,0,0,1,6,0,1,0,1,-1.0,2,0
7204,9,3,0,13,0,2,10,3,0,2,35,0,1,0,1,5771,10,400,2,4,4,3,5,0,0,0,0,0,1,0,1,-1.0,1,0
7226,11,2,3,9,0,2,12,2,1,1,29,0,2,1,1,9852,16,400,4,4,4,3,5,0,0,0,3,0,1,1,2,-1.0,1,0
7259,8,2,6,2,0,5,9,2,1,1,50,0,1,0,5,4281,12,400,3,4,4,1,7,0,0,0,6,0,1,0,1,-1.0,2,0
7274,5,2,3,17,0,6,6,3,0,1,41,1,2,1,1,10908,2,400,1,4,4,1,7,0,0,0,6,0,1,1,2,-1.0,1,0
7277,11,1,3,6,0,2,12,1,1,2,18,0,4,1,5,6150,6,400,4,4,4,0,4,0,0,0,0,0,1,1,1,-1.0,2,1
7288,1,3,0,13,0,1,2,3,0,1,34,0,1,0,1,1337,13,400,2,4,4,1,5,0,0,0,1,0,1,0,1,-1.0,1,0
7296,7,1,6,2,0,1,8,1,1,2,30,0,0,0,5,1685,9,400,2,4,4,1,4,0,0,0,0,0,1,0,0,-1.0,2,1
7306,6,2,3,2,0,2,7,2,1,1,38,1,0,0,1,4610,7,400,1,4,4,1,7,0,0,0,6,0,1,0,0,-1.0,1,0
7341,5,1,1,2,0,5,6,2,0,2,46,1,0,0,1,7763,3,400,1,4,4,0,5,0,0,0,1,0,1,1,0,-1.0,1,0
7343,6,2,3,13,0,6,7,3,0,1,50,0,1,0,1,11844,7,400,2,4,4,1,6,0,0,0,6,0,1,2,1,-1.0,1,0
7358,1,2,2,17,0,7,12,2,1,1,26,0,0,0,0,14714,2,400,3,4,4,3,6,0,0,0,6,0,1,2,0,-1.0,0,0
7365,4,1,4,13,0,6,5,2,1,1,50,0,2,1,5,7033,15,400,4,4,4,5,6,0,0,0,6,0,1,1,2,-1.0,2,0
7410,10,4,4,6,0,5,11,4,1,1,41,1,1,0,2,14187,12,400,2,4,4,0,6,0,0,0,1,0,3,2,1,-1.0,1,0
7411,6,1,6,5,0,5,7,1,1,1,67,0,1,0,3,4165,8,400,3,4,4,3,6,0,0,0,1,0,1,0,1,-1.0,2,1
7442,8,1,3,13,0,2,9,2,1,1,31,0,2,1,2,11855,5,400,4,4,4,0,5,0,0,0,0,0,1,2,2,-1.0,1,0
7458,5,4,4,6,0,1,6,5,1,1,36,0,2,1,1,7719,14,400,1,4,4,3,6,0,0,0,0,0,1,1,2,-1.0,1,0
7464,7,3,1,9,0,6,9,1,1,2,48,0,1,0,5,3881,13,400,2,4,4,0,7,0,0,0,0,0,1,0,1,-1.0,2,0
7465,7,1,6,6,0,7,8,1,1,2,0,0,4,1,5,2952,2,400,4,4,4,0,0,0,0,0,0,0,1,0,1,-1.0,2,0
7472,7,3,0,17,0,1,8,3,1,1,32,0,1,0,2,2151,2,400,4,4,4,0,6,0,0,0,1,0,1,0,1,-1.0,1,0
7473,6,1,3,6,0,6,12,1,1,1,36,0,1,0,5,9922,2,400,4,4,4,5,7,0,0,0,1,0,1,1,1,-1.0,2,0
7478,7,4,2,6,0,6,8,5,1,2,28,0,1,0,1,7840,16,400,3,4,4,3,5,0,0,0,0,0,1,1,1,-1.0,1,0
7485,8,4,4,17,0,2,9,5,1,1,30,0,1,0,2,10795,6,400,1,4,4,3,5,0,0,0,1,4,2,1,1,-1.0,1,0
7493,10,2,6,15,0,1,11,3,1,1,34,0,1,0,2,7135,12,400,2,4,4,1,6,0,0,0,3,0,3,1,1,-1.0,1,1
7494,9,1,4,13,0,1,10,1,1,1,42,0,1,0,2,6235,15,400,3,4,4,0,6,0,0,0,6,0,1,1,1,-1.0,1,0
7533,0,1,1,2,0,2,1,1,0,1,41,1,1,0,2,765,1,400,4,4,4,1,6,0,0,0,6,0,1,0,1,-1.0,1,0
7570,10,3,6,13,0,5,10,1,1,1,47,0,0,0,1,11822,9,400,3,4,4,1,6,0,0,0,6,0,1,2,0,-1.0,1,0
7597,8,2,1,6,0,2,9,2,1,1,62,0,1,0,0,13823,2,400,1,4,4,3,7,0,0,0,0,0,1,2,1,-1.0,0,0
7639,6,3,6,9,0,5,7,3,1,2,27,1,0,0,1,9488,4,400,2,4,4,1,6,0,0,0,0,0,1,1,0,-1.0,1,0
7644,10,1,1,17,0,6,11,1,1,1,66,0,2,1,2,15082,10,400,1,4,4,0,5,0,0,1,6,0,1,2,2,-1.0,1,0
7656,8,3,1,17,0,7,9,3,1,2,35,0,2,1,1,3728,5,400,2,4,4,3,3,0,0,1,0,0,1,0,2,-1.0,1,0
7658,8,5,3,6,0,6,9,5,1,1,35,0,0,0,1,4088,9,400,3,4,4,0,5,0,0,0,3,0,1,0,0,-1.0,1,1
7699,9,5,1,5,0,6,3,2,1,2,37,0,6,2,5,8253,14,400,4,4,4,1,7,0,0,0,6,0,1,1,0,-1.0,2,1
7714,11,3,0,2,0,1,12,4,1,1,26,0,2,1,1,13382,9,400,1,4,4,3,5,0,0,0,1,0,1,2,2,-1.0,1,0
7729,8,2,6,0,0,7,9,3,1,1,72,0,0,0,1,3570,12,400,2,4,4,0,4,0,0,0,6,0,1,0,0,-1.0,1,1
7742,11,2,4,13,0,1,12,2,1,1,70,0,2,1,1,4728,8,400,2,4,4,0,7,0,0,0,3,0,1,0,2,-1.0,1,0
7757,9,1,3,17,0,6,10,5,1,1,30,0,1,0,1,12822,15,400,2,4,4,0,6,0,0,0,0,0,1,2,1,-1.0,1,0
7783,5,2,5,17,0,6,11,2,1,2,41,1,0,0,0,5045,8,400,1,4,4,1,6,0,0,0,0,0,1,0,0,-1.0,0,0
7806,4,2,0,6,0,7,5,2,0,2,31,0,0,0,0,450,4,400,1,4,4,1,4,0,0,0,0,0,1,0,0,-1.0,0,1
7807,1,2,3,13,0,1,2,3,0,1,42,0,0,0,0,14016,5,400,3,4,4,0,5,0,0,0,0,0,1,2,0,-1.0,0,1
7831,10,3,1,5,0,6,11,3,1,1,47,1,0,0,3,1430,14,400,1,4,4,0,7,0,1,0,6,0,1,0,0,-1.0,2,0
7838,4,1,1,6,0,7,5,1,1,2,29,0,2,1,2,11671,9,400,1,4,4,3,5,0,0,0,0,0,1,2,2,-1.0,1,0
7863,11,2,2,0,0,2,12,2,1,1,48,0,1,0,1,5521,5,400,1,4,4,1,7,0,0,0,3,0,1,0,1,-1.0,1,0
7871,0,1,6,6,0,5,7,1,1,1,64,0,1,0,2,4068,2,400,4,4,4,5,7,0,0,0,0,0,1,0,1,-1.0,1,0
7940,8,4,1,17,0,5,6,2,1,1,55,0,0,0,5,6001,5,400,3,4,4,3,7,0,0,0,1,0,1,0,0,-1.0,2,0
7949,7,3,4,2,0,5,8,3,1,1,44,1,0,0,1,8595,9,400,1,4,4,0,6,0,0,0,0,0,1,1,0,-1.0,1,0
7966,11,2,1,9,0,1,12,3,1,1,27,0,1,0,1,6332,14,400,3,4,4,0,4,1,0,0,0,0,1,1,1,-1.0,1,1
7973,4,1,2,6,0,1,8,4,1,1,39,0,2,1,2,6223,6,500,2,4,4,5,6,0,0,0,0,2,1,1,2,-1.0,1,0
7985,10,2,1,6,0,6,11,2,1,1,74,0,2,1,1,5510,2,400,2,4,4,0,6,0,0,0,0,0,1,0,2,-1.0,1,0
8002,9,2,0,6,0,6,10,3,0,1,46,0,1,0,2,327,7,400,2,4,4,0,6,0,0,0,3,0,1,0,1,-1.0,1,0
8007,7,4,6,9,0,5,8,4,1,1,47,1,1,0,1,3951,15,400,3,4,4,3,7,0,0,0,0,0,1,0,1,-1.0,1,0
8038,5,1,5,17,0,7,6,1,1,1,35,0,0,0,1,6897,10,400,2,4,4,3,5,0,0,0,6,0,1,1,0,-1.0,1,0
8046,7,3,2,2,0,2,8,4,1,2,28,0,1,0,1,9564,4,400,1,4,4,0,4,0,0,0,0,0,1,1,1,-1.0,1,0
8088,11,2,5,0,0,2,12,3,1,1,61,0,6,2,5,2291,14,400,4,1,3,3,7,0,0,0,0,0,1,0,0,-1.0,2,0
8098,6,3,5,6,0,1,7,4,1,1,42,1,0,0,2,13094,13,400,1,4,4,0,7,0,0,0,3,0,1,2,0,-1.0,1,0
8147,9,3,4,2,0,1,10,3,1,1,46,1,0,0,1,8405,10,400,3,4,4,1,7,0,0,0,3,0,1,1,0,-1.0,1,0
8189,7,2,2,6,0,1,7,4,1,1,64,0,0,0,0,9290,13,400,4,4,4,1,6,0,0,0,0,0,1,1,0,-1.0,0,0
8191,11,2,1,6,0,7,12,5,1,2,0,0,4,1,5,778,11,400,3,4,4,0,0,0,0,0,0,4,2,0,1,-1.0,2,0
8234,5,3,2,9,0,1,6,4,1,1,42,0,2,1,2,11686,13,400,4,4,4,1,6,0,0,0,6,0,3,2,2,-1.0,1,0
8270,8,3,4,2,0,1,9,3,0,1,26,0,1,0,1,13796,2,400,3,4,4,1,4,0,0,0,6,0,1,2,1,-1.0,1,0
8286,5,3,2,13,0,5,12,1,0,0,30,0,1,0,1,2680,14,400,3,4,4,0,5,0,0,0,6,0,1,0,1,-1.0,1,0
8296,7,1,0,2,0,7,8,2,1,2,24,0,1,0,1,10270,15,400,1,4,4,3,4,0,0,0,1,4,2,1,1,-1.0,1,0
8318,10,1,6,17,0,1,11,3,1,1,30,0,1,0,1,10889,9,400,1,4,4,1,6,1,0,0,6,0,1,1,1,-1.0,1,0
8330,9,3,5,17,0,7,10,3,1,1,27,1,1,0,0,8259,7,400,1,4,4,0,6,0,0,0,6,0,1,1,1,-1.0,0,0
8335,7,5,6,13,0,6,1,1,0,1,45,1,2,1,1,315,4,400,2,4,4,1,6,0,0,0,0,0,1,0,2,-1.0,1,0
8337,5,3,6,13,0,1,6,4,0,3,45,0,1,0,0,13268,6,400,1,4,4,0,4,0,0,0,6,0,1,2,1,-1.0,0,0
8356,8,2,3,17,0,5,9,2,1,2,30,0,2,1,1,10760,14,400,4,4,4,0,5,0,0,0,1,0,1,1,2,-1.0,1,0
8360,11,3,0,9,0,6,12,3,1,2,59,0,2,1,1,2310,9,400,1,4,4,0,7,0,0,0,0,0,1,0,2,-1.0,1,0
8376,9,1,4,2,0,2,10,1,1,1,41,0,0,0,5,10693,7,400,1,4,4,3,6,0,0,0,3,0,1,1,0,-1.0,2,0
8423,11,4,5,6,0,6,12,4,1,1,42,0,2,1,1,13971,10,400,3,4,4,3,6,0,0,0,6,0,1,2,2,-1.0,1,0
8429,8,1,3,2,0,6,9,1,1,1,36,0,0,0,2,10652,11,400,4,4,4,3,6,1,0,0,6,0,1,1,0,-1.0,1,0
8445,10,5,5,17,0,5,10,2,1,2,31,1,0,0,2,2433,10,400,3,4,4,1,6,0,0,0,0,0,1,0,0,-1.0,1,0
8451,9,1,0,17,0,6,10,3,1,1,71,0,1,0,1,8178,11,400,2,4,4,3,7,0,0,0,1,0,1,1,1,-1.0,1,0
8452,9,1,0,2,0,5,10,2,1,1,51,0,1,0,1,5777,2,400,2,4,4,3,6,0,0,0,0,0,1,0,1,-1.0,1,0
8474,3,4,6,6,0,2,4,5,0,1,37,1,0,0,0,212,1,400,1,4,4,0,4,0,0,0,3,0,1,0,0,-1.0,0,0
8497,8,1,0,13,0,1,9,1,1,1,64,1,1,0,2,2998,7,400,3,4,4,1,7,0,0,0,3,0,1,0,1,-1.0,1,0
8508,4,3,2,17,0,5,5,3,0,1,33,0,1,0,2,8565,7,400,3,4,4,0,6,0,0,0,1,0,1,1,1,-1.0,1,0
8513,7,1,3,9,0,6,8,2,1,1,53,0,1,0,2,10829,7,400,3,4,4,0,7,0,0,0,3,0,1,1,1,-1.0,1,0
8527,1,5,5,5,0,5,12,1,1,1,51,0,0,0,3,347,10,400,2,4,4,1,7,0,0,0,6,0,1,0,0,-1.0,2,0
8534,6,1,1,13,0,7,7,2,1,2,38,0,1,0,2,6767,9,400,1,4,4,5,6,0,0,0,6,0,1,1,1,-1.0,1,0
8608,1,1,4,13,0,7,2,2,0,0,41,1,1,0,1,3267,5,400,3,4,4,3,6,0,0,0,3,0,1,0,1,-1.0,1,0
8613,9,1,6,6,0,2,3,1,1,2,26,0,2,1,2,6120,4,400,2,4,4,0,6,0,0,1,0,0,1,0,2,-1.0,1,0
8616,6,2,3,2,0,2,7,2,1,1,37,0,2,1,1,4935,10,400,3,4,4,1,7,0,0,0,6,0,1,0,2,-1.0,1,0
8617,7,3,0,2,0,7,8,4,1,1,80,0,0,0,2,348,5,400,3,4,4,0,7,0,0,0,6,0,1,0,0,-1.0,1,0
8690,1,2,4,2,0,1,2,2,0,1,48,1,0,0,5,5633,15,400,4,4,4,0,6,0,0,0,3,0,1,0,0,-1.0,2,0
8699,9,1,2,6,0,5,10,2,1,2,45,1,1,0,2,7751,16,400,3,4,4,1,5,0,0,0,1,0,1,1,1,-1.0,1,0
8710,6,1,6,0,0,5,7,1,1,1,65,0,6,2,5,2693,16,400,1,4,4,0,7,0,0,0,0,0,1,0,0,-1.0,2,0
8734,7,3,6,13,0,7,8,3,1,1,51,0,2,1,1,6500,15,400,1,4,4,3,6,0,0,0,0,0,1,1,2,-1.0,1,0
8740,8,5,5,17,0,7,7,1,1,2,25,1,1,0,1,465,11,400,1,4,4,1,4,0,0,0,0,0,1,0,1,-1.0,1,0
8760,5,2,6,0,0,7,6,2,1,1,43,0,2,1,2,10590,11,400,2,4,4,5,6,0,0,0,3,0,1,1,2,-1.0,1,0
8784,9,4,0,17,0,2,10,5,1,2,35,0,1,0,0,5121,9,400,3,4,4,1,3,0,0,0,1,0,1,0,1,-1.0,0,0
8796,7,3,2,2,0,2,8,4,1,2,34,0,1,0,2,1042,15,400,2,4,4,3,5,0,0,0,6,0,1,0,1,-1.0,1,0
8812,6,5,5,11,0,6,6,1,1,2,62,0,0,0,1,3836,15,400,3,4,4,0,7,0,0,0,3,0,1,0,0,-1.0,1,0
8822,4,5,0,2,0,2,5,5,1,1,42,1,0,0,1,5305,1,500,4,4,4,0,6,0,0,0,1,2,1,0,0,-1.0,1,1
8842,8,1,4,6,0,2,9,2,1,2,0,0,1,0,5,11878,11,400,2,4,4,1,0,0,0,0,0,0,1,2,1,-1.0,2,0
8864,8,4,5,17,0,5,9,4,1,1,60,0,0,0,1,3002,11,400,2,4,4,0,7,0,0,0,0,0,1,0,0,-1.0,1,0
8876,10,3,2,13,0,6,11,4,1,1,44,0,1,0,1,9715,8,400,2,4,4,3,5,0,0,0,6,0,1,1,1,-1.0,1,0
8881,8,2,1,13,0,7,9,2,0,1,26,0,1,0,2,5529,12,400,3,4,4,3,5,0,0,0,0,0,1,0,1,-1.0,1,0
8891,7,1,4,0,0,1,8,3,1,1,34,0,1,0,1,10487,16,400,3,4,4,3,5,0,0,0,0,0,1,1,1,-1.0,1,0
8895,9,4,2,5,0,2,10,5,1,2,30,0,2,1,2,14496,8,400,1,4,4,5,4,0,0,0,0,0,1,2,2,-1.0,1,0
8919,9,2,0,9,0,2,10,2,1,2,33,0,1,0,2,2369,2,400,4,4,4,3,6,0,0,0,1,0,1,0,1,-1.0,1,0
8930,8,1,6,17,0,2,9,5,1,1,49,1,1,0,1,2069,9,400,3,4,4,3,7,0,0,0,6,0,1,0,1,-1.0,1,0
8937,9,4,6,9,0,5,10,5,0,1,31,1,0,0,1,4271,9,400,2,4,4,0,6,0,0,0,6,0,1,0,0,-1.0,1,0
8955,5,2,4,2,0,2,6,3,1,1,54,0,6,2,5,11753,5,400,2,4,4,3,7,0,0,0,6,0,1,2,0,-1.0,2,0
8956,11,3,1,9,0,5,11,1,1,1,48,0,1,0,1,13227,16,400,4,4,4,0,7,0,0,0,1,0,1,2,1,-1.0,1,0
8970,4,2,5,0,0,5,5,2,1,1,46,0,6,2,5,1941,12,400,4,4,4,1,7,0,0,0,1,0,1,0,0,-1.0,2,0
8982,10,1,3,13,0,2,11,1,1,1,31,1,1,0,1,3333,3,400,4,4,4,3,6,1,0,0,0,0,1,0,1,-1.0,1,0
8983,6,3,3,13,0,2,6,1,1,2,33,0,2,1,1,6512,16,400,3,4,4,3,5,0,0,0,0,0,1,1,2,-1.0,1,0
9002,6,1,1,11,0,6,7,1,1,1,41,0,0,0,5,12657,13,400,3,4,4,0,6,0,0,0,0,0,1,2,0,-1.0,2,0
9009,11,3,0,2,0,6,12,3,1,2,56,1,1,0,2,13330,4,400,2,4,4,1,7,0,0,0,6,0,1,2,1,-1.0,1,0
9032,11,3,4,5,0,5,12,4,1,1,55,1,1,0,2,6412,2,400,2,4,4,3,6,0,0,0,0,0,1,1,1,-1.0,1,0
9037,7,1,2,13,0,1,8,3,0,2,33,0,2,1,1,8965,4,400,2,4,4,3,6,0,0,0,0,0,1,1,2,-1.0,1,0
9045,10,4,2,6,0,5,11,4,1,1,28,1,1,0,1,3013,13,400,1,4,4,3,6,0,0,0,0,0,1,0,1,-1.0,1,0
9052,2,1,1,6,0,2,3,1,0,2,32,0,1,0,1,12386,16,400,4,4,4,3,1,0,0,0,0,0,1,2,1,-1.0,1,0
9069,7,4,3,13,0,2,8,5,0,1,34,0,1,0,2,2362,6,400,2,4,4,3,6,0,0,0,1,0,1,0,1,-1.0,1,1
9072,9,1,5,13,0,5,3,1,1,1,50,0,2,1,1,4754,3,400,1,4,4,3,7,0,0,0,6,0,1,0,2,-1.0,1,0
9080,2,2,2,9,0,2,3,2,0,0,38,0,1,0,1,7686,13,400,4,4,4,1,6,0,0,0,0,0,1,1,1,-1.0,1,0
9097,10,4,0,5,0,2,11,5,1,1,32,0,1,0,2,10453,15,400,4,4,4,3,6,0,0,0,6,0,1,1,1,-1.0,1,0
9110,6,3,6,13,0,5,7,3,1,1,54,0,2,1,1,809,3,400,4,4,4,5,6,0,0,0,6,0,1,0,2,-1.0,1,0
9174,5,1,6,13,0,5,6,2,1,1,29,0,1,0,1,6402,11,400,3,4,4,1,5,0,0,0,6,0,1,1,1,-1.0,1,0
9198,11,3,6,13,0,2,12,4,1,1,55,0,1,0,2,12564,12,400,2,4,4,3,7,0,0,0,6,0,1,2,1,-1.0,1,0
9201,6,3,2,17,0,6,7,4,1,1,50,1,0,0,1,3510,1,400,3,4,4,1,7,1,0,0,0,0,1,0,0,-1.0,1,0
9212,5,2,1,0,0,2,6,2,0,1,38,0,2,1,2,2740,13,400,3,4,4,5,6,0,0,0,0,0,1,0,2,-1.0,1,0
9243,6,3,3,6,0,1,6,2,1,2,0,0,0,0,5,1071,15,400,3,4,4,0,0,0,0,0,0,0,1,0,0,-1.0,2,0
9249,7,1,3,9,0,7,8,2,1,2,32,0,2,1,2,10485,15,400,3,4,4,3,6,0,0,0,0,0,1,1,2,-1.0,1,0
9252,11,2,1,13,0,5,12,3,1,1,47,0,2,1,1,8204,14,400,3,4,4,3,6,0,0,0,3,0,1,1,2,-1.0,1,0
9255,9,2,6,9,0,5,10,2,1,1,44,1,1,0,1,8246,12,400,4,4,4,3,6,0,0,0,0,0,1,1,1,-1.0,1,0
9332,6,1,5,17,0,6,7,1,0,1,43,0,2,1,1,5504,1,400,3,4,4,5,5,0,0,0,0,0,1,0,2,-1.0,1,0
9336,8,3,6,17,0,1,7,1,0,2,31,0,2,1,1,2068,11,400,1,4,4,5,5,0,0,0,6,0,1,0,2,-1.0,1,0
9341,7,1,0,13,0,1,8,1,1,1,39,1,1,0,1,15372,10,400,4,4,4,1,6,0,0,0,6,0,1,2,1,-1.0,1,0
9343,6,1,1,13,0,6,7,1,1,1,44,1,1,0,1,14043,1,400,3,4,4,3,5,0,0,0,6,0,1,2,1,-1.0,1,0
9345,11,4,5,13,0,7,1,4,1,1,40,0,2,1,5,2323,2,400,2,4,4,3,7,0,0,0,1,0,1,0,2,-1.0,2,0
9364,6,3,6,9,0,5,7,3,0,1,43,0,2,1,1,6024,7,400,3,4,4,1,6,0,0,0,6,0,1,0,2,-1.0,1,0
9405,11,3,6,13,0,7,11,1,1,1,32,0,1,0,1,5921,8,400,4,4,4,0,5,0,0,0,0,0,1,0,1,-1.0,1,0
9434,3,2,0,7,0,6,4,3,0,2,29,0,2,1,2,79,16,400,1,4,4,3,4,0,0,0,3,0,1,0,2,-1.0,1,0
9437,4,4,2,2,0,2,5,4,0,1,33,1,0,0,5,7914,3,400,1,4,4,1,6,0,0,0,6,0,3,1,0,-1.0,2,0
9468,10,4,3,17,0,2,11,5,1,2,49,0,0,0,1,7423,6,400,1,4,4,0,6,0,0,0,6,0,1,1,0,-1.0,1,1
9470,10,5,0,13,0,1,11,5,1,2,27,1,1,0,5,8199,11,400,1,4,4,3,6,0,0,0,6,0,1,1,1,-1.0,2,0
9471,10,2,3,6,0,2,11,2,1,1,44,1,0,0,1,3391,12,400,2,4,4,1,7,0,0,0,0,0,1,0,0,-1.0,1,0
9480,10,3,3,13,0,2,11,3,1,1,38,0,2,1,2,10050,1,400,2,4,4,3,7,0,0,0,6,0,1,1,2,-1.0,1,0
9487,6,4,2,9,0,2,7,4,1,1,28,0,1,0,2,215,7,400,1,4,4,3,6,0,0,0,3,0,1,0,1,-1.0,1,0
9494,8,3,2,17,0,2,9,3,1,1,32,1,1,0,1,3764,5,400,1,4,4,3,6,0,0,0,6,0,1,0,1,-1.0,1,0
9506,9,3,1,7,0,6,10,3,1,1,30,0,2,1,3,4831,3,400,1,4,4,0,6,0,0,0,0,4,2,0,2,-1.0,2,0
9511,0,2,0,2,0,1,1,2,0,2,34,0,2,1,1,14074,5,400,1,4,4,3,4,0,0,0,3,0,1,2,2,-1.0,1,0
9517,3,3,1,9,0,7,4,4,0,1,37,0,1,0,1,12321,15,400,4,4,4,0,6,0,0,0,3,0,1,2,1,-1.0,1,0
9518,6,4,2,13,0,2,7,4,0,1,41,1,0,0,1,8051,10,400,3,4,4,0,6,1,0,0,1,0,1,1,0,-1.0,1,0
9519,6,1,6,6,0,2,7,1,1,1,62,0,2,1,1,8281,7,400,1,4,4,5,7,1,0,0,6,0,1,1,2,-1.0,1,0
9521,10,2,3,6,0,5,11,3,0,1,39,0,2,1,2,4048,8,400,1,4,4,3,6,0,0,0,6,0,1,0,2,-1.0,1,0
9531,5,4,2,2,0,2,6,4,1,1,46,1,2,1,1,4339,8,400,2,4,4,5,7,0,0,1,1,0,1,0,2,-1.0,1,0
9535,8,2,0,13,0,1,9,2,1,1,47,0,2,1,2,9338,16,400,3,4,4,3,6,0,0,0,6,0,1,1,2,-1.0,1,0
9542,11,2,3,17,0,2,12,2,1,1,57,0,1,0,1,1112,2,400,4,4,4,3,7,0,0,0,0,0,1,0,1,-1.0,1,0
9548,11,4,3,13,0,7,12,5,1,2,49,0,6,2,5,11424,2,400,2,4,4,5,7,0,0,0,1,0,1,2,0,-1.0,2,0
9585,6,5,6,0,0,3,6,1,1,1,41,1,1,0,2,3931,14,400,2,4,4,0,6,0,0,0,3,0,1,0,1,-1.0,1,0
9614,11,1,2,9,0,2,12,3,1,1,47,0,2,1,1,1569,9,400,4,4,4,3,5,1,1,0,6,0,1,0,2,-1.0,1,0
9619,8,4,6,6,0,5,9,4,1,2,40,0,1,0,1,7192,1,500,1,4,4,3,5,0,0,0,0,2,1,1,1,-1.0,1,0
9640,10,3,1,13,0,7,11,3,1,1,29,1,1,0,1,9186,11,400,2,4,4,3,4,0,0,0,0,0,1,1,1,-1.0,1,0
9647,11,1,2,9,0,3,12,1,1,2,34,1,1,0,2,8139,4,400,2,4,4,3,5,1,1,0,1,0,1,1,1,-1.0,1,0
9654,9,1,4,13,0,1,10,1,0,1,36,0,1,0,1,600,2,400,3,4,4,3,7,0,0,0,3,0,1,0,1,-1.0,1,0
9670,11,3,1,0,0,7,12,4,1,1,29,0,6,2,5,6544,12,400,3,4,4,3,6,0,0,0,0,0,1,1,0,-1.0,2,1
9692,8,4,3,5,0,2,9,4,1,1,48,0,1,0,3,8267,4,400,4,4,4,1,7,0,0,0,6,0,1,1,1,-1.0,2,0
9710,9,2,5,2,0,6,10,3,1,2,29,0,6,2,5,7822,2,400,2,4,4,0,5,0,0,0,0,0,1,1,0,-1.0,2,1
9771,8,2,6,6,0,1,9,3,1,2,0,0,2,1,5,7614,14,400,1,4,4,3,0,1,0,0,0,0,1,1,2,-1.0,2,0
9773,6,4,4,2,0,5,7,5,0,2,36,0,2,1,1,751,1,400,2,4,4,3,6,0,0,0,3,0,1,0,2,-1.0,1,0
9801,5,4,4,9,0,1,6,4,0,1,26,0,1,0,1,900,5,400,1,4,4,3,4,0,0,0,0,0,1,0,1,-1.0,1,0
9842,9,2,0,13,0,7,5,2,1,2,27,0,0,0,0,1793,9,400,4,4,4,0,5,0,0,0,0,0,1,0,0,-1.0,0,0
9877,6,1,6,9,0,7,7,2,1,1,32,1,1,0,1,15242,13,400,3,4,4,0,4,0,0,0,3,0,1,2,1,-1.0,1,0
9880,6,1,1,13,0,6,7,2,1,1,30,0,1,0,2,4317,7,400,3,4,4,3,5,0,0,0,0,0,1,0,1,-1.0,1,1
9881,7,1,3,9,0,2,8,2,1,1,30,0,1,0,5,1781,4,400,4,4,4,3,5,0,0,0,0,0,1,0,1,-1.0,2,1
9884,11,3,2,13,0,5,12,5,1,1,58,1,0,0,1,6410,9,400,2,4,4,3,7,0,0,0,6,0,1,1,0,-1.0,1,0
9901,10,2,3,7,0,7,11,2,1,1,28,1,1,0,2,10894,13,400,4,4,4,1,6,0,0,0,3,0,1,1,1,-1.0,1,0
9905,6,2,3,2,0,7,7,4,1,1,52,0,1,0,2,6635,9,700,1,4,4,1,7,0,0,0,6,0,1,1,1,-1.0,1,0
9909,8,1,3,9,0,5,9,2,0,2,22,1,0,0,1,8509,14,400,1,4,4,3,2,0,0,0,3,0,1,1,0,-1.0,1,0
9924,6,2,6,17,0,2,7,3,1,1,27,0,1,0,1,12810,11,400,1,4,4,0,6,0,0,0,0,0,1,2,1,-1.0,1,1
9929,1,5,3,17,0,2,2,5,0,1,27,0,0,0,5,9897,2,400,2,4,4,3,6,0,0,0,1,0,1,1,0,-1.0,2,0
9933,8,5,3,17,0,2,7,1,1,2,29,1,0,0,1,612,5,400,2,4,4,1,5,0,0,0,0,0,1,0,0,-1.0,1,0
9935,8,5,1,17,0,5,7,1,1,1,49,0,0,0,1,2297,2,400,3,4,4,0,7,0,0,0,3,0,3,0,0,-1.0,1,0
9968,4,1,6,11,0,5,5,1,1,1,38,1,1,0,1,9083,7,400,3,4,4,0,6,0,0,0,3,0,1,1,1,-1.0,1,0
9975,8,5,3,15,0,5,7,1,1,2,34,0,1,0,2,10999,7,400,1,4,4,0,5,0,0,0,0,0,1,1,1,-1.0,1,0
9980,7,4,2,2,0,2,11,1,1,1,64,0,0,0,1,14225,12,400,3,4,4,1,7,0,0,0,3,0,1,2,0,-1.0,1,0
10015,6,4,3,18,0,2,7,4,1,1,28,1,0,0,2,1190,3,400,1,4,4,0,5,0,0,0,0,0,3,0,0,-1.0,1,0
10017,6,1,0,2,0,2,7,1,1,1,52,0,2,1,1,12602,14,400,1,4,4,5,6,0,0,0,1,0,1,2,2,-1.0,1,0
10023,0,4,1,6,0,6,1,4,0,1,37,0,1,0,0,10314,5,400,1,4,4,0,6,0,0,0,0,0,1,1,1,-1.0,0,0
10052,0,1,6,17,0,7,1,1,0,2,46,0,0,0,1,2914,6,400,3,4,4,0,6,0,0,0,6,0,1,0,0,-1.0,1,0
10056,11,4,6,17,0,2,11,1,1,1,26,0,1,0,1,6633,12,400,4,4,4,0,4,0,0,0,6,0,1,1,1,-1.0,1,0
10058,1,4,6,2,0,7,11,4,1,1,31,0,1,0,1,9446,5,400,3,4,4,3,5,0,0,0,6,0,1,1,1,-1.0,1,0
10098,10,1,5,9,0,6,11,1,1,2,27,0,1,0,5,12314,16,400,2,4,4,1,5,0,0,0,0,0,1,2,1,-1.0,2,0
10103,6,2,4,13,0,6,7,3,1,1,26,0,0,0,1,12694,5,400,2,4,4,1,6,0,0,0,3,0,1,2,0,-1.0,1,0
10104,8,1,4,2,0,1,9,1,1,1,34,0,2,1,3,10537,12,400,4,4,4,3,6,0,0,0,6,0,1,1,2,-1.0,2,0
10111,11,2,5,13,0,2,12,4,0,2,27,1,1,0,1,6366,8,400,4,4,4,3,5,0,0,0,6,0,1,1,1,-1.0,1,0
10124,9,2,6,0,0,7,10,2,1,1,54,1,1,0,2,8640,5,400,1,4,4,3,6,0,0,0,6,0,1,1,1,-1.0,1,0
10138,6,2,5,12,0,5,7,3,1,1,39,0,1,0,2,11781,13,400,3,4,4,3,1,0,0,0,6,0,1,2,1,-1.0,1,0
10186,7,4,5,13,0,2,8,5,1,1,36,0,0,0,2,6984,3,400,2,4,4,1,7,0,0,0,0,0,1,1,0,-1.0,1,0
10191,6,3,3,17,0,2,7,3,0,2,57,1,0,0,0,3933,8,400,4,4,4,0,6,0,0,0,0,0,1,0,0,-1.0,0,0
10200,8,2,6,6,0,5,9,2,1,2,0,0,1,0,5,10616,15,400,1,4,4,0,0,0,0,0,0,0,1,1,1,-1.0,2,0
10231,8,1,5,9,0,1,9,1,1,1,49,0,1,0,1,10208,5,400,4,4,4,3,6,0,0,0,0,0,1,1,1,-1.0,1,0
10241,8,4,5,13,0,6,9,4,1,1,44,0,2,1,2,11443,9,400,4,4,4,3,6,0,0,0,3,0,1,2,2,-1.0,1,0
10244,8,3,6,9,0,6,11,1,1,1,67,0,0,0,2,3786,4,400,2,4,4,1,7,0,0,0,6,0,1,0,0,-1.0,1,1
10282,8,3,6,13,0,7,9,3,0,1,30,0,0,0,1,2909,12,400,1,4,4,0,5,0,0,0,6,0,1,0,0,-1.0,1,0
10289,8,2,4,5,0,6,9,3,1,1,37,1,0,0,3,6910,5,400,4,4,4,1,6,0,0,0,3,4,2,1,0,-1.0,2,0
10292,11,3,6,6,0,1,12,3,1,1,34,1,0,0,1,6397,8,400,1,4,4,0,5,0,0,0,0,0,3,1,0,-1.0,1,0
10295,11,2,1,9,0,2,12,2,1,2,29,0,2,1,1,12474,2,400,4,4,4,3,5,0,0,0,0,0,1,2,2,-1.0,1,0
10304,8,2,5,13,0,1,9,2,1,1,39,1,0,0,0,13870,6,400,4,4,4,0,4,0,0,0,3,0,1,2,0,-1.0,0,0
10320,6,5,5,6,0,6,6,1,1,1,51,0,2,1,1,12445,8,500,1,4,4,3,6,0,0,0,6,2,1,2,2,-1.0,1,0
10330,10,4,0,9,0,2,11,5,0,2,29,1,0,0,1,15010,15,400,3,4,4,1,4,0,0,0,0,0,1,2,0,-1.0,1,0
10343,11,3,0,2,0,1,12,3,1,1,46,0,2,1,1,10143,11,400,4,4,4,1,7,0,0,0,6,0,1,1,2,-1.0,1,0
10344,6,5,5,13,0,2,6,1,0,1,47,0,1,0,2,9491,7,400,4,4,4,3,7,0,0,0,6,0,1,1,1,-1.0,1,0
10362,9,2,6,13,0,1,10,2,1,1,33,1,1,0,1,7848,10,400,3,4,4,3,4,0,0,0,0,0,1,1,1,-1.0,1,0
10369,7,5,6,17,0,1,9,1,1,2,28,0,0,0,1,2437,5,400,2,4,4,1,5,0,0,0,1,4,2,0,0,-1.0,1,1
10376,11,3,0,2,0,2,12,4,0,1,28,0,2,1,5,6451,16,400,1,4,4,0,6,0,0,0,0,0,1,1,2,-1.0,2,0
10383,7,5,4,13,0,6,1,4,1,1,40,0,1,0,1,11042,1,400,2,4,4,1,7,0,0,0,3,0,1,1,1,-1.0,1,0
10411,11,4,4,6,0,5,11,1,1,1,54,1,0,0,2,12805,7,400,3,4,4,3,7,0,0,0,0,0,1,2,0,-1.0,1,0
10420,6,4,2,17,0,2,7,4,1,2,43,0,0,0,1,1178,9,400,4,4,4,3,7,0,0,0,6,0,1,0,0,-1.0,1,0
10442,11,4,3,13,0,6,12,4,1,1,53,0,2,1,2,12247,11,400,3,4,4,1,7,0,0,0,3,0,1,2,2,-1.0,1,0
10449,9,4,5,13,0,5,10,4,1,1,35,0,2,1,2,14455,16,400,1,4,4,1,6,0,0,0,3,0,1,2,2,-1.0,1,0
10454,11,3,4,17,0,2,12,3,1,1,37,0,2,1,2,6578,15,400,4,4,4,0,7,0,0,0,0,0,1,1,2,-1.0,1,0
10459,11,3,5,9,0,6,12,3,1,1,49,1,2,1,1,14818,5,400,3,4,4,1,6,0,0,0,0,0,1,2,2,-1.0,1,0
10480,7,5,0,6,0,6,9,1,1,1,53,0,0,0,1,12684,7,400,2,4,4,0,7,0,0,0,6,0,1,2,0,-1.0,1,0
10487,4,1,2,9,0,2,5,1,1,1,37,0,2,1,2,13731,8,400,4,4,4,3,6,0,0,0,6,0,1,2,2,-1.0,1,0
10494,10,1,1,2,0,6,11,2,1,1,27,0,1,0,5,2491,3,400,1,4,4,3,6,0,0,0,0,0,1,0,1,-1.0,2,0
10495,8,5,5,13,0,5,7,3,1,1,65,1,0,0,1,9261,6,400,1,4,4,3,6,0,0,0,3,0,1,1,0,-1.0,1,0
10496,6,4,5,13,0,1,6,5,1,1,33,0,0,0,1,11479,13,400,1,4,4,0,5,0,0,0,0,0,1,2,0,-1.0,1,0
10506,3,1,6,0,0,1,4,1,1,1,60,0,6,2,5,13669,8,500,1,4,4,0,6,0,0,0,6,2,1,2,0,-1.0,2,0
10528,6,4,0,13,0,2,7,4,1,2,35,0,1,0,1,11158,7,400,3,4,4,3,6,0,0,0,0,0,1,1,1,-1.0,1,0
10541,10,3,2,13,0,7,11,4,0,2,30,0,1,0,1,10840,9,400,3,4,4,1,4,0,0,0,0,0,1,1,1,-1.0,1,0
10554,10,3,0,9,0,2,11,4,1,1,59,1,2,1,1,11010,10,400,2,4,4,3,7,0,0,0,6,0,1,1,2,-1.0,1,0
10577,5,3,2,9,0,7,6,4,1,1,29,1,1,0,1,5119,1,400,3,4,4,3,5,0,0,0,3,0,1,0,1,-1.0,1,0
10606,10,4,2,6,0,7,11,4,0,2,42,0,0,0,1,7395,8,400,3,4,4,0,3,0,0,0,1,0,1,1,0,-1.0,1,1
10626,3,2,6,9,0,7,4,2,0,2,33,1,0,0,1,1144,16,400,1,4,4,0,6,0,0,0,6,0,1,0,0,-1.0,1,0
10632,6,4,0,17,0,5,7,5,1,1,51,0,2,1,1,9376,16,400,1,4,4,5,7,0,0,0,0,0,1,1,2,-1.0,1,0
10633,8,2,4,9,0,3,7,3,1,2,34,0,1,0,1,1479,14,400,3,4,4,3,5,0,0,0,1,0,1,0,1,-1.0,1,0
10641,5,3,5,17,0,6,6,4,1,2,50,0,2,1,1,9200,15,400,4,4,4,1,7,0,0,0,0,0,1,1,2,-1.0,1,0
10651,8,4,0,12,0,7,6,2,1,1,42,0,6,2,5,169,6,400,4,4,4,3,7,0,0,0,0,4,2,0,0,-1.0,2,0
10671,7,3,0,5,0,7,8,4,1,1,55,0,6,2,5,10877,9,400,4,4,4,1,7,0,0,0,6,0,1,1,0,-1.0,2,1
10680,8,3,5,6,0,7,9,3,1,2,28,0,2,1,1,11294,5,400,2,4,4,5,4,0,0,0,6,0,1,1,2,-1.0,1,0
10696,8,3,5,9,0,7,9,3,1,1,29,1,2,1,1,14965,6,400,3,4,4,5,6,0,0,0,1,0,1,2,2,-1.0,1,0
10698,7,1,3,13,0,2,8,1,1,1,36,0,1,0,2,5196,7,400,4,4,4,1,7,0,0,0,6,0,1,0,1,-1.0,1,0
10713,10,1,1,6,0,6,11,1,1,1,29,0,1,0,1,14641,16,400,4,4,4,3,5,0,0,0,1,0,1,2,1,-1.0,1,0
10720,9,4,4,5,0,5,10,4,1,1,40,0,1,0,2,7141,7,500,1,4,4,3,6,0,0,0,0,2,2,1,1,-1.0,1,0
10743,9,2,2,11,0,6,10,5,1,1,42,0,0,0,1,4568,10,400,1,4,4,1,6,0,0,0,0,0,1,0,0,-1.0,1,0
10748,11,4,0,13,0,2,12,4,1,1,29,0,2,1,1,8177,2,400,3,4,4,3,4,0,0,0,0,0,1,1,2,-1.0,1,0
10750,5,1,6,17,0,5,6,4,1,2,31,0,0,0,1,9253,9,400,4,4,4,0,5,0,0,0,6,0,1,1,0,-1.0,1,0
10776,9,4,1,5,0,1,5,2,1,1,41,0,1,0,2,12016,10,400,1,4,4,0,7,0,0,0,6,0,1,2,1,-1.0,1,0
10780,11,2,0,13,0,7,12,2,1,2,23,0,1,0,2,12994,3,400,2,4,4,3,4,0,0,0,6,0,1,2,1,-1.0,1,0
10795,8,4,2,6,0,2,9,5,1,1,45,0,0,0,0,12530,8,400,4,4,4,0,5,0,0,0,0,0,1,2,0,-1.0,0,1
10801,5,2,5,13,0,2,6,3,0,1,37,0,2,1,3,14139,6,400,3,4,4,3,5,0,0,0,1,0,1,2,2,-1.0,2,0
10804,7,1,2,5,0,7,8,2,1,1,51,1,0,0,5,3925,14,400,3,4,4,0,7,0,0,0,6,0,1,0,0,-1.0,2,0
10809,6,1,3,9,0,5,7,2,1,1,41,0,0,0,1,4276,6,400,2,4,4,3,6,0,0,0,1,0,1,0,0,-1.0,1,1
10827,9,2,4,2,0,1,10,2,1,2,29,1,1,0,1,11196,1,400,3,4,4,5,5,0,0,0,6,0,1,1,1,-1.0,1,0
10833,10,2,5,2,0,2,11,3,1,1,33,0,6,2,5,3392,2,400,3,4,4,1,6,0,0,0,0,0,1,0,0,-1.0,2,0
10845,7,1,6,17,0,1,8,1,1,2,26,0,0,0,2,5638,4,400,4,4,4,1,5,0,0,0,0,0,1,0,0,-1.0,1,0
10849,5,3,4,6,0,7,2,1,0,1,53,0,2,1,1,12568,16,400,1,4,4,3,6,0,0,0,1,0,1,2,2,-1.0,1,0
10857,9,1,2,13,0,6,10,2,1,1,57,1,1,0,2,14054,9,400,4,4,4,0,7,0,0,1,0,0,1,2,1,-1.0,1,0
10895,11,2,5,2,0,7,12,3,1,1,42,0,1,0,2,373,12,700,2,4,4,0,6,0,0,0,1,0,1,0,1,-1.0,1,0
10904,9,4,6,17,0,2,10,5,1,1,37,0,2,1,2,11988,4,400,2,4,4,5,7,0,0,0,6,0,1,2,2,-1.0,1,0
10920,5,1,1,6,0,6,6,1,1,2,37,0,0,0,0,10541,5,700,1,4,4,0,6,0,0,0,1,0,1,1,0,-1.0,0,0
10951,10,1,3,13,0,5,11,1,1,1,50,0,1,0,2,3779,10,400,1,4,4,3,7,0,0,1,3,0,1,0,1,-1.0,1,0
10956,8,1,1,18,0,6,9,1,1,2,32,1,1,0,1,1779,12,400,4,4,4,3,5,0,0,0,6,0,1,0,1,-1.0,1,0
10963,1,1,4,17,0,5,11,1,1,1,58,1,2,1,2,10885,3,400,2,4,4,1,7,0,0,0,3,0,1,1,2,-1.0,1,0
10973,8,4,1,13,0,5,9,4,1,1,35,0,0,0,0,703,13,400,4,4,4,0,6,0,0,0,0,0,1,0,0,-1.0,0,0
10979,10,4,1,2,0,5,11,4,1,1,75,0,0,0,5,6745,13,400,1,4,4,0,7,0,0,0,1,0,1,1,0,-1.0,2,0
10992,2,3,4,17,0,1,3,3,0,1,37,0,0,0,1,4055,13,400,4,4,4,0,4,0,0,0,0,0,1,0,0,-1.0,1,0
11038,10,5,1,16,0,7,10,1,1,1,43,0,2,1,3,654,6,400,2,3,3,5,6,0,0,0,0,0,1,0,2,-1.0,2,0
11051,10,4,3,2,0,5,10,3,1,1,58,0,0,0,1,5534,10,400,4,4,4,0,7,0,0,0,0,0,1,0,0,-1.0,1,0
11052,7,1,3,11,0,6,10,2,1,1,51,0,0,0,5,6422,2,400,4,4,4,1,7,0,0,0,6,0,1,1,0,-1.0,2,0
11149,1,3,6,2,0,2,12,3,1,1,52,0,0,0,2,625,4,400,4,4,4,3,7,0,0,0,1,0,1,0,0,-1.0,1,0
11168,0,3,2,17,0,5,7,4,0,2,28,0,0,0,1,2910,3,400,1,4,4,3,6,0,0,0,0,0,1,0,0,-1.0,1,1
11196,9,2,6,0,0,3,5,1,1,1,42,0,0,0,5,2851,2,400,2,4,4,0,7,0,0,0,0,0,1,0,0,-1.0,2,0
11223,9,1,2,2,0,3,10,2,1,1,55,0,7,2,5,1580,8,400,1,4,4,3,6,0,0,0,0,0,1,0,1,-1.0,2,0
11228,3,1,4,9,0,1,4,1,1,2,34,1,0,0,2,9802,10,400,3,4,4,0,5,0,0,0,3,0,1,1,0,-1.0,1,0
11256,8,1,6,2,0,1,9,2,1,1,62,0,7,2,5,11344,16,400,3,4,4,0,7,0,0,0,6,0,1,2,1,-1.0,2,0
11262,4,4,3,2,0,2,5,4,1,1,27,1,2,1,2,129,9,400,3,4,4,5,5,0,1,0,0,0,1,0,2,-1.0,1,0
11272,11,5,4,9,0,6,11,1,1,1,36,1,2,1,3,11547,16,400,4,4,4,3,7,0,0,0,6,0,1,2,2,-1.0,2,0
11299,8,3,1,6,0,6,9,3,1,1,26,1,2,1,2,8219,1,400,2,4,4,5,6,0,0,0,0,0,1,1,2,-1.0,1,0
11311,5,1,5,13,0,6,6,1,1,1,38,0,1,0,2,2444,7,400,3,4,4,3,6,0,0,0,0,0,1,0,1,-1.0,1,0
11352,9,1,4,13,0,5,10,1,1,1,26,0,1,0,2,8921,4,400,4,4,4,0,6,0,0,0,6,0,1,1,1,-1.0,1,0
11353,6,4,0,5,0,2,7,4,1,2,40,0,2,1,2,8993,10,400,2,4,4,1,7,0,0,0,1,0,1,1,2,-1.0,1,0
11365,8,4,0,13,0,1,9,4,0,1,31,0,0,0,1,11654,5,400,1,4,4,3,5,0,0,0,0,0,1,2,0,-1.0,1,0
11379,11,4,4,13,0,6,12,4,1,2,28,1,0,0,2,2890,7,400,4,4,4,1,5,0,0,0,0,0,1,0,0,-1.0,1,0
11382,8,3,5,6,0,6,9,3,1,1,43,0,2,1,1,6400,2,400,1,4,4,3,6,0,0,0,0,0,1,1,2,-1.0,1,0
11386,9,4,6,6,0,6,10,5,1,1,53,0,0,0,1,11823,15,400,4,4,4,1,7,0,0,0,1,0,1,2,0,-1.0,1,0
11396,2,1,6,9,0,6,3,2,0,3,45,1,1,0,5,7154,1,400,4,4,4,3,7,0,0,0,0,0,1,1,1,-1.0,2,0
11413,7,1,5,2,0,1,8,1,1,1,49,0,1,0,2,3584,8,400,4,4,4,0,7,0,0,0,0,0,1,0,1,-1.0,1,0
11424,11,1,6,5,0,5,12,2,1,1,77,1,0,0,1,6762,15,400,4,4,4,0,6,0,0,0,0,0,1,1,0,-1.0,1,0
11435,8,4,3,17,0,1,9,4,1,2,28,0,1,0,1,11385,8,400,1,4,4,0,5,0,0,0,6,0,1,2,1,-1.0,1,0
11439,11,1,0,13,0,2,12,1,1,1,37,0,2,1,0,1288,11,400,1,4,4,3,6,0,0,0,1,0,1,0,2,-1.0,0,0
11456,7,5,6,6,0,6,7,1,1,2,21,0,0,0,1,4415,6,400,1,4,4,3,4,0,0,0,0,0,1,0,0,-1.0,1,0
11461,7,1,5,17,0,5,8,1,1,1,61,0,1,0,1,5279,9,400,2,4,4,5,7,0,0,0,0,1,1,0,1,-1.0,1,0
11482,7,2,3,9,0,2,8,3,0,2,36,0,1,0,1,9582,11,400,1,4,4,1,7,0,0,0,6,0,1,1,1,-1.0,1,0
11496,5,4,2,15,0,2,6,4,1,1,38,0,1,0,2,1442,9,400,3,4,4,3,6,0,0,0,6,0,1,0,1,-1.0,1,0
11498,4,4,2,5,0,6,5,5,1,1,45,0,2,1,2,4240,14,400,2,4,4,0,7,0,0,0,6,0,1,0,2,-1.0,1,0
11531,6,2,2,9,0,2,7,2,1,2,36,1,1,0,1,12890,12,400,1,4,4,3,6,0,0,0,0,0,1,2,1,-1.0,1,0
11547,6,4,6,5,0,1,7,4,1,1,32,0,2,1,2,7936,11,400,2,4,4,5,6,0,0,0,0,0,1,1,2,-1.0,1,0
11555,10,2,0,17,0,6,11,3,1,1,37,0,1,0,1,7826,15,400,4,4,4,0,4,0,0,0,1,0,1,1,1,-1.0,1,0
11600,5,1,0,13,0,2,6,1,0,3,56,0,1,0,1,566,5,400,1,4,4,1,6,0,0,0,6,0,1,0,1,-1.0,1,0
11614,6,1,4,6,0,5,7,1,1,2,29,0,2,1,1,13131,11,400,2,4,4,3,5,0,0,0,1,0,1,2,2,-1.0,1,0
11638,9,2,5,17,0,5,10,2,1,2,35,0,0,0,1,11774,7,400,1,4,4,0,4,0,0,0,0,0,1,2,0,-1.0,1,0
11668,2,5,6,6,0,5,5,1,0,2,28,1,1,0,1,13294,7,400,2,4,4,3,4,0,1,0,0,4,2,2,1,-1.0,1,0
11676,10,5,2,9,0,7,10,3,1,1,44,0,1,0,2,2994,16,400,4,4,4,0,6,0,0,0,0,0,3,0,1,-1.0,1,0
11698,7,4,4,2,0,2,8,4,1,1,39,0,1,0,1,8627,14,400,3,4,4,0,6,0,0,0,0,0,1,1,1,-1.0,1,0
11703,9,4,3,2,0,1,3,4,1,2,27,0,2,1,1,3601,2,400,2,4,4,1,5,0,0,0,6,0,1,0,2,-1.0,1,0
11743,9,1,5,6,0,2,10,4,1,1,64,0,0,0,0,5018,2,400,3,4,4,0,7,0,0,0,1,0,1,0,0,-1.0,0,0
11749,11,1,1,2,0,5,12,3,1,2,56,0,7,2,5,8272,11,400,4,4,4,3,7,0,0,0,0,0,1,1,1,-1.0,2,0
11750,10,2,6,2,0,1,11,2,1,1,40,0,1,0,1,7729,1,400,4,4,4,3,6,0,0,0,3,4,2,1,1,-1.0,1,0
11776,10,1,5,4,0,7,11,1,1,1,43,0,7,2,3,13355,1,400,3,4,4,1,6,0,0,0,3,0,1,2,1,-1.0,2,0
11786,8,3,1,13,0,7,9,3,1,1,42,0,2,1,1,13586,2,400,4,4,4,5,6,0,0,0,1,0,1,2,2,-1.0,1,0
11793,9,3,4,6,0,1,10,3,1,2,22,1,2,1,1,6532,11,400,3,4,4,3,4,1,1,0,0,4,2,1,2,-1.0,1,0
11797,8,1,4,6,0,5,9,1,1,1,36,0,2,1,1,8892,3,400,4,4,4,1,6,0,0,0,6,0,1,1,2,-1.0,1,0
11804,6,3,1,9,0,7,7,4,1,2,39,0,2,1,2,5608,12,400,1,4,4,0,6,0,0,0,3,4,2,0,2,-1.0,1,0
11808,0,4,1,6,0,2,1,4,0,2,22,0,2,1,1,13510,10,400,2,4,4,3,4,0,0,0,1,0,1,2,2,-1.0,1,0
11851,9,4,3,17,0,2,10,4,1,2,44,0,2,1,2,2367,1,400,4,4,4,0,6,1,0,0,0,1,1,0,2,-1.0,1,0
11892,7,1,5,13,0,7,8,2,1,1,34,0,0,0,2,1661,6,400,4,4,4,0,6,0,0,0,0,0,1,0,0,-1.0,1,1
11905,11,1,4,17,0,1,12,1,1,2,31,1,2,1,1,13256,15,400,1,4,4,3,5,0,0,0,0,0,1,2,2,-1.0,1,0
11913,7,4,4,13,0,5,8,4,1,1,29,0,1,0,1,14467,1,400,3,4,4,3,5,0,0,0,3,0,1,2,1,-1.0,1,0
11914,8,3,4,17,0,2,9,4,1,1,33,0,2,1,2,885,7,400,2,4,4,5,5,0,0,0,1,0,1,0,2,-1.0,1,0
11926,6,2,3,13,0,2,7,2,1,1,39,0,0,0,1,8233,12,400,2,4,4,1,6,0,0,0,3,4,2,1,0,-1.0,1,0
11959,7,2,2,13,0,2,8,2,1,1,44,0,2,1,1,6976,9,700,2,4,4,5,7,0,0,0,3,0,1,1,2,-1.0,1,0
11975,5,3,5,2,0,7,6,3,1,1,78,1,1,0,2,8111,5,400,3,4,4,0,7,0,0,0,0,0,1,1,1,-1.0,1,0
11985,10,1,0,13,0,6,11,2,1,1,75,1,0,0,0,7204,6,400,4,4,4,3,5,1,0,0,3,4,2,1,0,-1.0,0,0
11986,6,3,6,13,0,2,7,3,1,1,46,1,0,0,1,7648,7,400,2,4,4,0,7,0,0,0,3,0,1,1,0,-1.0,1,0
11987,9,5,5,17,0,6,10,5,1,1,63,0,0,0,1,1133,5,400,1,4,4,1,7,0,0,0,0,0,1,0,0,-1.0,1,0
12014,9,1,5,17,0,5,10,1,1,1,50,0,0,0,1,5764,10,500,2,4,4,1,7,0,0,0,6,2,1,0,0,-1.0,1,0
12068,9,4,4,6,0,1,8,2,1,2,0,0,0,0,5,6078,3,400,4,4,4,0,0,0,0,0,0,0,1,0,0,-1.0,2,0
12069,9,3,4,2,0,7,3,5,1,1,47,0,2,1,1,5065,8,400,4,4,4,0,7,0,0,0,0,0,1,0,2,-1.0,1,0
12072,7,2,4,13,0,5,8,2,0,1,47,0,2,1,2,10359,15,400,4,4,4,3,6,0,0,0,0,0,1,1,2,-1.0,1,0
12079,7,2,6,17,0,7,8,2,1,1,43,0,1,0,2,6575,16,400,2,4,4,3,6,0,0,0,6,0,1,1,1,-1.0,1,0
12105,8,3,6,6,0,5,9,3,1,1,37,0,2,1,2,8611,5,400,1,4,4,5,6,0,0,0,0,4,3,1,2,-1.0,1,0
12109,8,3,0,13,0,2,9,4,1,1,28,1,0,0,1,651,14,400,3,4,4,1,6,0,0,0,0,0,1,0,0,-1.0,1,0
12126,7,1,5,17,0,5,8,1,0,2,48,0,2,1,1,13756,6,400,4,4,4,0,7,0,0,0,1,4,2,2,2,-1.0,1,0
12186,8,1,6,9,0,5,9,2,1,1,28,0,6,2,5,14294,12,400,4,4,4,3,4,0,0,0,0,0,1,2,0,-1.0,2,0
12197,10,5,1,2,0,6,11,5,1,1,22,0,2,1,2,9733,7,400,1,4,4,0,4,0,0,0,3,0,1,1,2,-1.0,1,0
12208,8,2,3,9,0,6,9,4,1,2,29,0,1,0,1,3457,4,400,1,4,4,1,6,0,0,0,0,0,1,0,1,-1.0,1,1
12219,11,2,2,13,0,3,12,3,1,2,31,0,0,0,1,6269,8,400,4,4,4,1,6,0,0,0,6,0,1,1,0,-1.0,1,1
12220,8,2,1,0,0,7,9,2,1,1,35,0,0,0,5,3502,2,400,4,4,4,3,6,0,0,0,0,0,1,0,0,-1.0,2,1
12236,4,1,5,6,0,1,5,2,1,1,29,0,2,1,1,1962,6,400,2,4,4,3,5,0,0,0,0,0,1,0,2,-1.0,1,0
12237,7,5,6,13,0,1,9,1,0,1,30,0,0,0,1,4637,13,400,1,4,4,5,5,0,0,0,6,0,1,0,0,-1.0,1,0
12275,10,1,2,9,0,7,11,1,1,1,50,1,1,0,2,6825,14,400,1,4,4,1,7,0,0,0,1,0,1,1,1,-1.0,1,0
12298,8,4,4,13,0,1,9,4,1,1,39,0,2,1,2,3792,4,400,1,4,4,3,6,0,0,0,6,0,1,0,2,-1.0,1,0
12314,6,1,2,6,0,7,7,3,1,2,33,0,0,0,2,4342,4,400,3,4,4,3,5,0,0,0,0,0,1,0,0,-1.0,1,0
12328,5,4,0,13,0,6,6,4,1,1,48,0,1,0,1,13936,14,400,4,4,4,3,7,0,0,0,6,0,1,2,1,-1.0,1,0
